231.26754035991547	366.7813610125502
271.07858999053605	682.253471438668
642.791643803783	246.78060535733394
788.5332644019227	461.1759192225902
548.1056779118097	211.76741983104054
526.9197006866297	210.15207689858127
760.3402712520185	352.51196026053975
243.1046339651436	637.0801792533596
299.7242598380653	284.4401989589787
289.8288006156861	709.5478205572313
769.4460383251487	375.5940048186134
729.9477625315437	317.71621629186285
238.6770786770388	363.5847302746368
611.6430254332449	232.26257766595694
437.6846888835718	792.9231987949803
784.8419957971269	586.1611486845945
631.153214683365	761.4574518577377
603.6755644861323	220.48475431032298
336.9454150618969	254.05322126294004
270.5786759065073	680.9310731392632
335.49159522594874	747.2666071093779
554.9341966750856	213.1783768121688
254.36352100974435	345.83090615250103
453.2306405683355	790.9607726449096
792.986085859063	559.5350819628499
353.53142550636306	750.5754521634949
752.8073182199473	338.9202006659906
579.0821447358289	783.2235457634198
285.69703176740836	292.80183797333774
227.13492146999292	622.823404692859
798.2046278702157	506.9029241731645
522.0363563017543	205.91121175343275
382.06980272685365	227.8137811226752
574.125302398077	214.66114965650434
268.89980677600823	322.39135671829206
209.73141250985128	430.92900546485646
793.4848398979052	538.7083336003292
216.76831834214173	594.8333810919413
329.92289242693454	256.7059700276433
266.50783824628775	679.8641230044559
201.55491713530716	503.29330636592687
650.9961670968889	754.733842162468
445.1426620009282	793.3677981603715
776.9463500503945	592.9534401789319
749.116241394074	666.3258797598412
734.0251026544431	320.43149064402166
550.2122363169265	790.5842652132142
526.7050503415627	796.0293975873591
716.8407793860097	299.0189543394515
603.0952610137283	219.8445468705546
400.1685936417896	218.28221499609032
647.4943069845842	759.9990784366639
331.07035447131426	261.3123009249101
761.559762096134	643.9912339090215
506.9076949129118	202.68842704522493
621.4833793250651	765.9640581503494
658.4919951754471	245.96741245895325
229.47656473914913	383.5162150468069
645.993249527713	244.3148941581832
776.1284856716103	609.2558822680726
639.7123388261783	236.2814247404683
479.42545197024566	796.9384912984582
485.28055012942815	209.63626645762457
668.0178977194695	262.9940595444018
788.9037660629771	542.0133098156759
607.8948952572803	771.7625901711691
330.10391399140906	745.5441289626319
202.06313246943296	517.4898924432375
204.76069699140365	477.96770833876826
556.4018434836249	213.93264897580838
492.78399849121814	795.5083749680331
701.2310626601152	279.7039053546259
327.2572444453025	737.389444570304
353.44750431993685	759.5839663430817
478.74027779900894	790.9887669652545
472.4869711273424	791.489533881614
452.7133041715826	792.7371147928619
600.6003074598145	781.0903627331875
769.9239891276269	622.1564753442536
786.1777399557162	585.2617710579771
418.09251857488727	786.5123969056474
727.2386946609223	313.9682307504132
515.9258716049338	798.9289652178625
221.67112038456926	595.7886960069767
318.3877431738963	730.7273729017929
788.1741875510888	434.9307122261693
775.3142487766382	591.2200018690481
720.4219852201749	697.2887273075268
789.4825875185225	576.4176236427109
203.69934176304372	526.4530657516859
235.4107457893635	360.36696631271695
421.5254276821776	211.6096752780231
774.8221981650505	407.2065912422486
775.0927271644158	609.5242157473695
392.9369466000724	770.2873555329968
772.8042505573493	394.4371599004738
738.9220558316862	320.9848809012772
498.88572371161024	792.5525007524565
637.0402558518489	243.21487225975724
603.6668076345786	771.7927609422245
477.9704243574889	793.2466243614405
738.7449794817173	323.8378935030262
343.6633809426015	244.18840728307293
525.3455558177584	794.2198659964549
789.0429173030116	544.8258945071439
786.9597077118987	548.1181413679021
320.1747065088423	271.50945072564525
777.154795412814	391.1094820911013
708.1667137446522	704.8310605558929
379.97866396965	235.3410816278955
693.6387865510133	719.4117962514515
773.1141884516962	605.3593428785025
637.038353437271	756.8446137970586
225.68008173886022	390.6143241271092
268.72649879505974	320.76049366861054
228.8086339387394	393.25855886248513
706.1584136586616	294.0222803335924
217.37081250291658	585.8770353682118
780.0258208741409	397.7337932137432
744.7375268865869	340.88322890675323
590.3252627522563	215.09733790675233
701.9727468881963	712.0391200042228
699.4526748449545	719.3050082397722
499.5314929019401	796.6277926889384
243.63028080639393	353.46565397502945
697.8894328344556	284.97569166031764
295.98657492406534	712.1163964129491
770.9851172221352	393.3397016046192
797.8831544335535	506.46389284579163
569.899194803727	218.32850003172902
549.25032509367	790.5049100857073
771.6736786868092	391.5087577433767
206.19092809986694	478.1469389313324
583.3139678970251	779.6879600736747
778.529744961647	390.3270315401062
504.9069614994196	206.5144184169515
205.92417659306528	479.65314510018874
273.1415807680728	689.7928734772181
602.8768228262046	219.26684058458784
736.4582451046848	674.1532113528366
610.3835539013163	231.43933366055097
716.31208277296	707.0768037389523
375.7837173171163	235.8019126533249
468.95535372470266	203.8974809512097
561.7985168307324	206.72776229824314
239.18583501339174	632.714144652221
731.747302000774	687.2010731465257
204.53986956384807	457.21337694577505
615.6107032922582	771.3000404840963
362.50945583894577	238.28569725266885
554.2084838146437	210.92618607052378
491.0915066550072	205.20730328546554
402.9444433851792	780.0667532284031
716.5296882129691	706.7179356628967
682.0505888516115	263.3843022271267
362.6452634836181	239.48564869033652
224.57536515994357	601.7488604437317
420.16892704772545	211.51359846923344
789.868002610442	434.8254778154259
705.5724594689094	294.9809938822289
307.91471862983735	718.7040290808509
216.11258910580767	414.3163295036268
720.9397318576332	311.6847449164434
554.8618463960073	792.0810284616027
581.5767926194283	211.8557748000008
628.6392385224162	769.089550869753
780.6478511144161	403.2644016879885
769.0342918476232	608.7661528472946
793.1142055839074	480.651066946088
453.2218248726649	791.3542376840094
212.209317949293	439.3324164691353
240.71128349849513	366.25749303198666
417.0839790968737	217.93760562459224
797.3125672637829	513.0631449373482
383.11124465186197	224.55067181653288
793.7440970280124	470.8680696896641
599.1144364372024	226.13026536687542
796.5382667450194	508.14963415612203
301.9419767180357	285.825745386838
793.7818196753805	478.8000005379868
779.6554396334121	598.1415672520634
452.3539811622005	786.1982791406128
396.31103818846526	771.7882076517644
246.47784734409228	355.5145402582599
515.8466415882762	792.1450223474918
439.2277603381728	791.4830885297383
414.543794097631	222.16599681056144
634.5096595044499	757.7092009107957
772.6020058113285	376.84367156866955
426.63864624218917	215.68143324981213
723.979866641878	690.8819685351145
342.98058779073335	746.2603791121215
223.15670477305216	613.5333509325203
762.3753338619372	367.16723695536626
687.2661344908296	726.4550380138023
206.47349818869566	476.42029937297514
210.38368682070097	440.22966893047214
731.0750310401951	679.5577291183736
451.1859375678522	785.917871943992
753.5342670569611	653.122730108753
651.499903753677	756.926992252419
279.4936849966465	691.9832151384746
415.63404952225903	786.807103734341
237.389303031451	357.11298781579853
660.6007902449797	748.2899615617303
560.7482770747059	793.608350003949
586.5095355871746	220.08671003458946
555.6485905173577	209.93813249364337
255.36956754438077	337.1361774243038
667.1368042745129	748.4171778310888
639.0488483855805	755.9612787367164
205.79160366112183	522.5588098289493
486.32993719635397	209.7626874959121
644.3732264264784	239.42601476305856
735.6898321093162	323.59453225665334
481.2435975652678	209.41708931597435
791.3814314115424	528.1695521796686
273.3850755318291	309.30779397446753
471.6864895494761	795.3102506073092
796.4940382480912	498.9258434747293
663.4001523137904	741.6917035616805
219.9180757074034	405.2858586258624
790.897039018715	522.7361031941925
208.15337883416774	496.80621827728874
782.1889133131768	569.2425641348083
603.4421960959769	771.2322155132096
792.8450492562713	523.1693081733637
777.4468858158983	599.6532493283025
273.09324961208205	316.15357394114585
754.8878254836712	356.3692805882291
622.638971340959	769.3899987295514
363.4624633907466	756.3366367555476
218.7932045119747	582.1135619893474
625.2001228617601	233.95970855924543
732.0861682234679	686.0990300420838
517.4330023384485	794.9525033234637
310.0891191505708	271.21607903433784
405.1356452591232	781.427345879221
780.5023550420585	582.3290121962748
405.2173688135996	223.8552139100953
790.3938660592526	554.6827612960765
549.6919957438458	795.4664160297194
734.4082521345099	672.224741755558
743.9559687213597	659.4449451449916
295.5780048924635	719.4848081134048
320.2518329633902	266.7756431354115
217.3411302238295	426.5741319235151
223.00459980409192	402.9373609312758
366.2478535990581	241.4539942744188
777.301310140764	398.80627008393424
415.07673130942766	777.8113446535333
218.57092588765337	413.152701173462
708.238714447269	287.4063252009773
213.06565209635585	413.1049579385549
448.58210804659313	211.72330468322028
710.9767329419411	699.9107480816851
302.6493881099027	274.4946518157991
331.56180445628405	736.7751349354628
425.04960795514813	782.5355365703984
542.132933542412	208.22290112940078
290.1633987568848	293.88023517808784
208.79630977050613	548.3919607631603
427.0584087101128	212.84546921598215
454.7462404673869	205.24398873687926
208.70556084889748	524.8796573775284
787.4662612448166	414.4590685336852
641.2080731917621	238.605483269747
270.6837638533126	314.4463026038482
210.98446611543432	547.8570056255213
764.7885444336064	369.9974867737755
318.39835419920735	736.5234760432808
222.57849366242266	386.31063484470303
530.4535570238927	793.3750787013819
202.29103583776842	477.3016042799051
571.9865016012278	789.1989992494948
534.4134721502642	203.89119200569087
510.3788771645925	209.3882987555657
317.5336092912285	273.39307709766547
798.8184541909718	498.2698844495009
588.8953116971877	218.05166753750584
780.3969535470925	404.97367919780646
351.13554388271893	250.62402648925124
398.3334643264268	219.6852863842981
236.50083571801738	364.4943151537989
387.80977466421916	771.7698495833538
338.95168550304766	745.8416025695088
588.3593472213458	218.23423006970597
223.74855166042906	591.0393890505061
793.5392084045911	531.0897036650013
765.1016755980776	631.4619534992763
338.7529412453445	249.97725821692694
793.6605387496027	503.28724745775116
441.0895126409298	210.4524802540576
798.9486948149331	486.84049324440224
777.435502853455	407.98097231549434
209.47107443677115	524.2933914590739
325.7765457193399	733.7638497771699
793.6857151791975	462.8653730976178
366.3673184963796	758.2414051544853
654.5188402930255	248.1785047350692
471.7431722407397	209.4177236700686
793.2490534257976	445.7915612803583
774.4276911979892	394.36270052075395
791.1233073629768	433.6680136138831
710.1736563175912	711.5586161597314
794.0687136532532	511.16990746503893
301.06611829848805	724.1058699170358
341.603252220957	254.93389646634046
490.0472939726511	200.76288695841077
211.70971799679984	539.1786693135659
624.5655789379384	227.24332714320872
356.7171521329265	756.8782429992415
422.87863098007807	217.1215377131984
628.4512902248721	236.02262236537183
351.28132358567	751.5807121303882
232.30276259466277	620.127219663741
546.9416818285372	213.17611463467298
688.1342053076286	731.7134161374632
207.18115224055944	468.5521298920797
290.8040929838518	707.717405546763
751.8158360064688	342.15273335496795
784.487507270027	420.14473668464245
782.9797640507568	432.73010203064075
763.002407184899	640.0079758353356
791.1906090272125	518.8504558400518
327.1512859283445	737.3085147539416
482.72412861664816	794.9114563195745
257.6848285529409	327.1440514082869
551.6137687878701	793.2522498074261
717.3135523220933	295.054537874409
469.0786746771383	204.6046467838306
703.3664115213228	719.1224279024223
559.9777538749674	212.18782386593685
252.24766701362012	346.7497072157597
546.8867439617909	211.9144748302406
697.99095765544	277.6752605223918
209.21272583327934	549.5843177551317
588.6358778826873	218.98245907705063
210.9564995911366	434.5930427589095
384.53911893401613	774.4520732239739
446.49940279260835	793.7614372209891
722.537566224415	303.1793210593919
209.92573815913607	503.24033254075863
417.76223048783936	213.31639059248567
763.1709693623349	373.3762774643749
481.9279848710311	790.474530398684
541.4347817993129	794.7449454541012
438.6242867325455	207.54982166687068
754.1695065356706	349.88144341626924
786.4697215464519	548.722481005456
609.6096803457251	227.1328168638774
317.73372322356164	265.32930049596337
218.6911656592624	404.918298998959
613.2460697389431	228.2436711039968
620.3883411698258	770.154228075577
688.0371101562292	730.7332376318525
209.88537905008485	563.652021562285
210.06410596055446	436.22766280281667
430.6186789844648	209.1532563140679
751.4742777911928	655.4117705425044
618.0069775412933	773.8703008930291
782.0608075191146	403.2794758199603
242.33069747490143	637.7916513650105
780.2358138057938	603.6637125291109
226.86669389796532	394.12518018874925
472.98841902051305	797.6887807342001
280.77516802564486	692.0315117752582
641.9932675003791	759.8362693477993
776.1239668982815	393.833824530428
548.7684518420934	209.94743800714883
650.7341927173626	756.5671306595377
204.78213293072812	504.63387697505465
404.6663311568216	775.3545935174157
375.09047631590056	232.06977903573008
628.197638900309	765.2822656775486
780.4163747278023	398.05635267218713
772.599245234495	617.3849824124608
264.60249207069575	319.1928634836297
489.7294236359665	794.1034495622996
219.92359235477176	413.67551242292427
632.982211529409	766.2007423968195
221.95910684699504	607.2020409392445
229.6260347018594	612.2515370303895
791.9109800995044	550.8532009100624
266.7268285328898	323.9794475582654
353.42473531912077	750.8235192953754
414.715773734325	784.7440577908903
596.5415148807992	217.77239867220115
362.36532062927427	242.0855181569938
572.1270386720572	788.4249739179257
553.9781726937913	786.3902897889758
664.4980035338062	251.94492182078963
790.6589866342827	447.588866718344
666.0207073063434	262.2721255430871
228.42207845451856	604.3350763233451
729.1123792677392	313.8160666398263
215.5681149408727	565.5569816218642
753.619938632713	648.2188167521062
787.3641270496577	583.4045984938964
675.7447684062973	735.991184486604
260.3366444910961	678.7390585814553
644.5165230915167	751.7416970157545
561.4962044923946	788.0554802493506
674.0282061855792	258.2154298084894
297.6498399866142	720.9744579229678
754.7580070337709	356.5905860679646
737.9909762628811	325.6230313820617
362.0834872921873	762.660769723739
562.5867449851904	788.7865673630823
209.84121489727124	496.5431750347114
757.6516700664455	640.5676030631571
362.77165970960755	761.0490517508752
370.5258144702799	234.3555010420151
788.3375014116235	536.3665357953846
656.8781556211862	250.76182188897698
415.9316826970234	782.9664130668924
747.7307649738559	667.3952283999992
663.1098540186944	744.716472331026
471.09165361542773	794.0567032879298
740.8787934735828	663.061178435872
726.7223225369534	314.15030392364844
564.6044600078898	211.60986922285346
671.5403595790777	740.0838237858037
491.7361931782952	203.86030882805684
294.07632500972534	710.3846635065348
248.70390437154765	337.54584046670857
496.8912495342578	209.83352511205044
356.64329063068476	242.76083984994693
286.82147237188735	702.8797972161537
549.0101754186207	206.28530547695516
445.3187880315436	208.3318837352233
211.99884717389116	430.2081245899606
658.000021706535	248.41610099116716
774.2718830938621	378.2903710848486
275.4958862016833	305.8078549851665
335.3796147881207	254.75073334953345
783.6780157017345	582.4854252557374
588.1132452673719	783.9414583346291
263.199146793061	322.5624443236465
749.3390850200292	651.5899040747727
391.3010783042783	227.6192708119064
370.751771087933	764.6110706646213
228.91612889821144	626.6949452132073
587.5248963711363	213.34364202706678
206.38703799449155	551.0958014846815
277.20281228831425	695.7254374711359
205.1490169423935	484.24778663843546
468.02594120057563	790.455414768079
204.08480083688352	475.05520723790966
721.6840389265949	696.5672035093252
285.2337606995451	298.16055793950676
263.7751267165338	678.1614788038565
271.9332997828648	313.0481686430742
245.55330598958736	653.2209329266876
299.2439645215442	285.2807571393656
335.12632963744005	260.7903168776141
441.2153400022766	214.80335024482437
225.0991589779735	382.31297794537846
361.0639880916483	234.77500677556716
230.16358619364607	388.76941639314884
210.08093125228956	474.8851225908299
217.84876689411703	424.10950631686137
314.8988393398148	270.1536369705617
339.7331365164299	251.22128984444424
311.1309414934204	278.0194850741654
412.6137185280614	214.17795786277114
422.2464831845394	782.8353979892343
787.9169974909374	427.17337007046245
498.65024467975917	798.2420218074842
634.1551547166637	237.0598238266108
528.5077450076542	207.4495800717
468.0087299203334	792.398715378365
711.7596041253994	289.14106034370025
256.6415122208064	327.96494481663547
366.91297835360615	760.2091627998996
334.0627945353659	252.1414827308896
791.0318817099912	467.8076285786583
397.9516467386782	776.1489951126982
778.3315501729425	391.25902241917964
490.71466747807614	793.5610740049335
410.3217387566388	781.5486003591792
639.0273724713181	764.6049849049037
256.5394158398189	341.7928050964254
435.18176440256485	215.75791522806975
250.23698710653886	345.2172402587986
380.5772253398788	232.62661901142786
360.04146914890646	759.7635329256467
543.3384568562498	792.3498908749482
512.5218870477444	793.5127754270652
263.1860438817307	671.705585293299
789.5381052843147	447.47467804495756
229.08486217451684	380.1289219589417
243.96436016202884	645.1412690231851
349.49766164376996	245.43163912993634
212.17886211158554	427.81698246095067
303.67824212141494	275.46000296613795
235.80497569336922	366.136061731141
457.1274478162859	207.14658492689549
213.45262792299602	565.0878516190124
251.9130203273192	346.57629828265254
550.4186418463507	789.8853461503046
788.8602982248018	538.1647407146656
523.1450074414785	208.4954030500796
781.3678720207145	571.9895085296749
738.0769428636062	673.9971335632057
597.958832680532	221.51849581942784
375.78715701797404	236.45018390515787
782.881371234137	429.79442019698536
795.7306501796834	530.5488330030178
703.2442989783268	289.16327970243356
596.8970674268265	221.2533040596316
382.5803585699793	770.0532227506612
216.32273635117784	405.1466016739354
334.96780454657505	254.83900289768425
540.8163492317041	203.5342409161485
790.0933156414858	453.18130582598246
227.07123382312633	604.997624269149
764.9237672362639	630.0459861706746
784.641341550671	562.2518977166394
435.28939899235473	791.5698762795614
519.232194032567	203.10058432186494
377.3313932481269	771.378182953387
597.3663793017167	779.535421667088
624.3581999031586	762.3065750252581
475.31252803084453	210.23102377373831
770.2950427136964	616.1129377547906
606.9025638274215	228.62780266018848
645.1285912668504	751.5494433333005
555.3961531657382	785.535489181799
334.8596312008962	260.6193704596843
470.77332003316064	790.5317132279848
640.9623665952554	760.6272620097602
783.3682654563784	564.7618578348568
384.12303967441596	232.4341294785018
328.27559799042484	743.8245910256428
454.03107307560197	794.7250054009423
466.48521314728697	205.97636222518776
449.4002151946763	791.6795552474467
776.6063136215143	590.2183334766896
700.6062053409884	278.8306310900504
780.9265145050967	584.7334976944319
733.0068276614418	312.8522419071183
236.73636497748507	373.82320408066846
781.0852067964348	413.0642985608061
633.3094701321941	241.51195722077046
771.0238572137783	393.8571823175788
672.7651767535567	740.0607976303497
755.589620989118	356.6725664367617
276.0696508527625	310.97762702612033
482.270063938786	203.9033852549364
763.7197640774318	621.7226304629276
437.84905377189756	209.42051987078466
461.19320113156795	205.63348341621807
475.35800132316194	792.6604183541727
644.5675520524591	755.2250593746942
296.17853650060164	288.50083762174785
421.34381649100925	779.9841171817734
697.3461560212163	713.6665808270423
684.3670889617854	270.63780393578094
689.7286975031392	730.7716243807556
266.533951886349	319.5184845182237
769.8839645208491	375.36793138863226
575.4007398498295	212.95518959605826
647.0258315338165	754.9992700091411
272.26048559431746	689.1848733165493
546.2931161120072	789.606878395752
795.6328175870807	531.4063773705955
277.18338944084974	686.5149253751847
768.8531116838134	616.1800036313803
665.5061461116512	741.1351839157309
708.4804086012037	703.8312284439177
791.2966603153911	472.22181109568214
785.1429916058979	415.83962530131294
739.6849503872679	674.0251199954042
572.8667522593367	212.3360683224551
463.3799660289688	205.39910203164052
215.39902553669043	580.2378232151132
414.46278569892513	781.9291230974652
287.78532622854334	299.2026356072171
754.6823048825494	353.9618468307055
723.0396759324536	687.3224532023331
595.448556514172	774.1442508829118
309.4660005818116	276.65815507389027
540.8440470030528	787.9216064114715
272.2482052367953	680.0675877798662
206.6652635092543	485.0116536089977
362.1075000870252	762.3133031141874
616.2226157671391	767.9233105368064
235.38526890003342	634.1499932965249
780.0569521464696	416.12584033364067
319.57407848887453	260.510142163771
277.5195827581344	695.0602631228372
405.18898881380727	780.828063346035
469.1577529873754	203.3897408322221
761.8487600215218	362.22644625245664
297.45267618510195	289.6896539622751
706.3119827828546	711.4235804043614
766.670665474895	372.8095042996709
201.5232529843881	515.0967564023209
783.0450499752021	411.816739011959
269.97584489326977	679.2443804084872
273.7394901093747	317.25267625330343
781.5085215356632	407.1044066852233
349.37215938103327	251.88496102454258
721.8931377399872	687.2874216188719
323.5240561055711	735.6160654094431
209.25487448232792	548.2414168992332
532.5442094372536	202.67128825304243
408.16458592707016	219.40619304081258
319.50346906556916	261.49078503113844
607.675638779807	777.0314683317513
747.5279397367717	333.8492484768869
606.9426880350564	771.6270919024113
515.7233372631791	798.2791469130905
265.9772828017749	674.9729408703828
206.87043232981583	543.1724203656827
683.0027539756315	264.8584747771761
796.5967787137513	459.67847934854666
250.95398717707405	341.8536706283688
745.9784429602342	338.25486175687035
531.4068093957472	205.73853625612782
215.91222586187598	567.942795381178
754.9743501236383	342.5628900418833
327.06250376007915	260.9738889352823
206.47450041465044	475.67226144374615
443.74487893604686	786.7088448284802
342.4179403146097	753.7493426315607
313.2655214867167	727.9060332725467
554.797069328643	790.0460569099937
625.3207749473266	234.63458411524138
603.6759708339812	770.8897694813581
321.50257515386795	259.33880036366224
371.4338255564172	230.99952565442342
217.3470033927235	565.3472735401667
212.78399741338538	585.7595083030121
365.7210237603845	241.30052619386203
462.53889659830236	788.8199637257765
345.56104714365955	251.78727300003123
619.2233736181137	764.5517942673118
232.37571564974746	612.4343636316331
681.5337197228603	730.2857539327698
410.97864905914014	216.08823655040968
740.5644947250664	326.2202931615367
243.49815413857434	358.71769952539535
653.9903619674126	752.5998137568546
482.0221421158666	791.8767251710715
634.4714908065376	757.0878787698891
793.8235827473911	558.032327910501
677.1353961865423	268.11612957544844
212.98611626701947	452.11075342910186
401.3316337155052	780.4423650449711
798.4011138093026	496.9578779968808
463.641522086823	790.719667922281
780.9781048225509	412.8982656284214
759.664445308993	635.6223915867718
463.3088202924228	788.5109918518
265.08887137784774	319.631104747361
214.31296173797298	578.5494965453195
782.7369898661836	572.613789716731
249.75443043893864	345.9487657437615
228.6492086388122	389.8233583180845
202.10603045761067	493.209803161706
232.5447611517587	372.5865144692936
557.7561680527403	214.15471741714885
513.6201724948402	202.1447975636147
238.42914611071632	361.89708441323484
789.3453706793183	531.0520512040406
505.9534069367012	209.09303458184814
654.6794431891519	748.682887891696
622.3929287281828	236.13205512414794
234.09750217459714	634.8189541834481
206.17171839464766	486.1096032115813
372.2144367586833	761.9385849352212
241.33235320836343	355.00570309744046
525.8290901735786	791.5097268505292
362.66212939989515	765.6995751518217
352.43239138435337	241.67885654719313
657.5142799618387	750.0118422496615
387.7739296836875	770.1977713326233
389.6097465605604	777.5134661717889
203.91040538239668	516.7034098785456
211.10928211222335	462.76647265081203
398.9770342120683	776.3756801952522
726.5643926800527	685.5700530341801
663.3601211182518	745.173079678091
233.19116681104256	621.6530712796135
793.4808087779344	468.76468862245474
750.6776210647881	649.8933704815677
675.8879533889512	259.48692518749937
399.27029744823864	778.6347583440415
555.2076765327072	213.80815661685912
568.5501602425871	784.810838032146
294.73763386119157	287.80085524204577
331.80082858346873	253.72984415959303
686.8129722195519	730.9991452075899
634.0027935512303	231.8290648090708
353.8314277577831	758.6799364373945
201.4258684011294	486.2234983714029
359.7117725348813	236.61739352416723
710.3873625486862	703.3984732406675
204.2701991179303	506.7815703089807
261.2171211125277	323.2839244310112
533.4359233197487	205.0624580496508
398.6469956256965	773.1463728418319
626.1620915772293	228.26737622259827
790.9625752721583	485.3246175658377
220.99851914044865	406.3181133945836
795.7323229765894	469.63598430614684
208.47293392223852	482.99673742735024
645.9272698370526	242.9661718512567
539.7078361366682	787.841933621823
792.235502374126	480.61907503632693
266.51899152962	687.2985086805438
208.55004039349188	549.8769922120842
768.4811076233653	631.7466860955806
336.0219310499974	750.7776112424073
599.9897409602656	775.9296130655281
337.9714975792791	746.5817410588255
576.426597659185	785.2954573917852
442.61664065499195	785.454593414082
796.7251756007039	466.5931042137838
787.2197314972108	458.17943524335635
604.4703397474927	228.13696837270192
258.77228287009655	665.0827809224938
302.24276268331187	276.4468690407028
325.3391610426578	257.73660169586054
788.9088593641136	568.8470778179828
638.3367640431607	759.9348590153437
235.76651971743513	639.2991008375417
780.2472589220991	399.62277459946733
218.22576020306948	413.83078719302875
208.22692578649728	552.9044023217223
275.0501647565242	316.1330515666575
238.13887870224636	625.8274531683786
315.6399154036134	731.5403421383747
208.42469103947658	494.6278632011051
207.07497705724919	438.00961741188235
539.876776076674	204.17827166672993
252.3178926967612	654.5966658904309
284.5440467723799	694.3469096084133
389.25989575426	228.6841679304618
683.7949280524796	728.9280146107947
781.297703178078	575.0344943609038
643.0795677168088	236.80171440709782
788.6332334062854	451.9003151467527
529.5039388804	207.68855802830734
560.2870258801008	786.9175602488486
241.6856835553688	355.601204628589
271.66397803415543	306.06543436117056
644.7431462398089	239.44963772600772
246.91198119891732	643.5762571195985
629.4857856755729	764.0554248259937
795.0422979174671	449.6309916556498
753.590915003605	342.8263465077053
559.0758073848954	206.93865658002292
506.0964517721753	796.5852796280328
754.8714362622854	348.14399950869944
324.2439489723863	262.31109813855505
341.01327699379556	745.2756486397278
670.6954837743145	739.7594887304047
754.5377727488302	341.7953567232921
788.6072104608851	565.4720917194785
788.5675631375574	445.4690644502529
612.3594213102627	772.443151030874
264.53088934023197	673.7659544989134
204.3004892937239	533.6177488349645
674.4245321551863	732.979633821057
754.0318129971157	358.9888191353165
577.1687123040899	214.46008756968013
496.1633504086119	202.7810524553621
793.4050549606965	557.6005095648752
307.6807785797676	719.3488146120901
404.1654887116576	779.7842241091514
743.9405221529316	661.7226697833544
346.092476221282	245.27063992961814
556.838518517601	793.5111485556386
475.0247999943369	203.8528253232435
222.56021886235933	414.6121084005844
340.61865095852863	745.4844428194867
793.768988037784	469.3077576284047
790.720800898199	527.2366628063404
544.8969199759036	210.9076641378079
552.9199900725646	793.7010812509479
369.67760857004663	766.3301880280945
737.1979654721613	330.36121543141076
378.77634874302333	770.7742390097285
232.18893270859496	624.3624395016242
792.8264525803986	438.57031087947183
278.1074121963994	310.32478715343956
789.0459730338827	573.6239399201447
293.8946769491646	706.8441518166658
797.0137796951303	514.482479301292
247.79170572863484	355.52763236564033
240.541913695254	359.85030835928507
333.98181944115714	258.62843251664697
629.8350191828353	233.2171272208042
512.2237953335374	797.7169989209754
230.38785560572728	625.628936434048
347.3320245935737	750.0919043025103
402.318853807715	222.7965389911473
422.2281360066046	210.5646673407915
594.7255393302485	776.7118252600304
789.9319629753074	434.52563155601564
790.6398536492363	439.32226289331055
254.339297394369	668.3484099905288
497.61156961415475	205.18518451607179
701.622536283956	712.4564450301588
206.2110241694941	469.04718043907616
436.5757112797849	783.7491008082781
254.5818791702754	666.3021436235722
786.1554095484809	584.0592586284707
212.3097448225394	456.78108597526716
622.2131369284537	228.77877007237055
266.51328018203236	686.4213383283679
561.439886225429	787.3581297865711
624.9362386421928	764.7387778897983
789.2435940297291	565.1156362605615
343.5167937834431	750.2977198187177
742.5604756590784	327.84011787652065
502.67557373676976	205.31016372356805
209.00109939129186	510.6110445488674
696.5890838881642	284.2652454676951
798.322210295498	522.106982444891
384.03359895932863	224.02083670402095
785.4266244044319	420.6013844302623
419.85871418119814	220.47693437530796
628.0330538703788	236.22819447853763
462.93568904707814	205.66694058173601
786.551023844954	583.095617709306
664.3128136242246	740.2400236626551
316.5898489644683	728.6397422053285
322.3293931912832	735.6021232488617
291.35945839709785	714.06132163876
212.90108138689212	450.9263673305163
749.5338581656582	663.8441138425821
593.307498052549	224.37024675856702
207.3728776340592	564.2313907411967
284.07050318552797	302.4936738905787
470.783365093694	204.45031032331676
215.53465095077817	585.4433275067179
305.7038967100968	274.5360145936505
461.97042304582413	795.536489580648
515.4136151732408	792.6517327308112
249.2730278338594	657.2433037987927
475.71164203567594	210.08031256651455
227.90928478202554	612.920973746024
706.9738884789576	714.964647851538
659.3382193252663	751.3135265479385
229.99370177715704	610.3894284225744
300.10202274647844	285.58443515326013
687.9925362940943	723.3663358126413
727.930678218465	316.70934466029996
787.9647644737676	576.0987132250506
399.85593074358474	224.9222755927612
225.94161966618142	604.230641971544
747.8545662063539	346.40909985424827
368.5074545365291	231.7540964229118
379.26791431219186	771.3394429629302
517.5757651803739	202.68625601284464
641.4582809342672	235.84902964431075
342.4525730993401	254.75943549895248
679.0201656864075	735.4944341008602
661.951941928367	249.31008034120487
794.1398803667643	533.4233364281932
372.50094084372734	232.11615187958654
648.0411743154995	757.9363757545003
537.380092014934	797.2764371837397
589.4362506077389	214.32610324186274
776.9814789583287	402.4349567886173
602.0289957394021	227.90922902886803
284.62997831014314	700.0923951668759
216.16129783368777	440.18469496144866
793.6865189143382	461.90178448790266
789.7770132021118	565.4751053354906
594.719479712585	774.2935690895353
300.37330012099994	719.4885511563557
756.6513782171596	640.2935059490065
598.4424984009362	217.7846684998544
460.341816841456	797.0907266258765
768.5858758050625	623.2423408141359
515.215159360866	798.3178631481135
334.7264795386651	748.2719706407927
793.1570681022357	563.0869896747414
774.5195425317419	400.8859244933875
707.0650333342095	289.5871677578577
368.40937935383744	761.2868994039775
330.0788516322847	739.0169977662661
740.954929998873	330.26332167030245
210.25451674039118	513.2574431519649
564.6413843586248	216.5750774467026
273.38335746883166	696.152458914712
657.4240687575136	249.44998594871285
529.280953740955	207.69462648795255
748.4758357485046	658.4598228843985
298.40361115223646	718.5806309617894
757.390211008635	361.5307128696519
358.535695978643	753.8572095955985
217.44739781525914	574.1748167949215
563.8216684786304	211.96131726634366
448.2726023404392	791.8060201464501
352.0264593125369	248.11174386276207
775.9781985665462	398.87812139124554
700.9507307158016	715.8433586540997
245.21949325319693	639.8597523213657
535.1729068849721	211.1588951561191
318.0434785854753	728.811211055707
215.926201931809	567.4158704496708
439.81488218475016	792.5304483495147
220.934260570519	580.9537520785124
689.3314021284082	724.188006755523
644.4102778324656	757.115713677639
436.50779988799525	783.4718150988621
233.8217098913572	381.8684589243176
787.4748228938342	543.9800562783635
497.85271259942687	209.88816289602929
215.3043659253091	584.7405025732062
552.8866146165639	790.0820819364998
282.69717365186364	303.7335578718321
476.97603333744553	792.2794085199516
770.0912849478401	373.6563448466493
325.00687335431996	256.80955073559363
268.04009443773293	674.382836194045
390.4506035584777	230.1272945471847
362.5700092133605	765.179942296319
491.28977897662594	797.6574153641784
242.76861439477815	364.5784203903603
796.0046525126253	547.8025658507115
781.0192646721205	415.97789601214697
252.71248373991696	663.2932743022562
553.927445102642	788.9301275181834
531.1589016959617	207.37947174157807
554.3065860344349	210.71784537035882
787.3738454914039	581.3543851582631
701.0212496932129	715.2448938057339
257.6489967328065	339.7584474319515
792.3774126862486	553.6149569515759
318.88055337843355	266.5062837249182
208.98795979065721	445.1280836710783
348.82071472295064	752.8239562301233
551.3573804890968	212.36206461896555
493.910104366178	796.3259081142158
330.76680461999007	743.889759918621
611.5217322605965	232.25053725185768
702.8467762161926	288.19491777216876
599.7469509393774	218.09708257275256
757.0039168670222	638.9744121325225
461.6283912587058	204.1004846034285
718.293130457253	697.6322387361712
488.0073424357731	797.975802558036
452.93146270074516	792.9514588570253
792.438759950888	538.1553887289167
783.5184930495935	406.4913778259744
615.7014445703168	228.58435996458036
647.2966272984049	752.2858326484038
707.6201819073572	294.0658729646248
771.5459294129957	383.95437788779026
556.8422919040748	793.3106096805855
307.9425648093717	273.7927502052706
599.8328683471997	782.643421081247
773.2548390755506	397.6667154777723
349.7434697509249	244.29185188462603
532.7005470701657	795.6022271981584
793.8242214562258	461.64401144027704
795.0078874191418	449.1281836600354
410.8462023518863	220.10116400912403
212.3966109206371	556.6715936857103
795.079965573206	511.151920107677
349.5149205500671	752.5514211805895
659.8475144526451	251.45842339081057
712.1164961669007	703.9217715758525
714.1154598955719	295.3085634262575
797.1352293322094	501.8155126877159
419.3385700517081	213.75194375168292
698.4736761030719	718.3891061616168
584.2171608716685	781.6308532153035
301.9216335636624	278.9639592351542
794.2895226775321	516.059725888422
365.66722690277476	767.5510714323797
602.1948212953045	779.3269265394008
429.7433189025563	210.0066480313522
433.4943352290037	785.8945597968103
737.0280825016769	677.6808411230556
606.5670271263597	779.3388714251412
301.9402598756931	718.4933602197535
714.1129403169078	702.8051451369668
673.6126704816697	742.7112173799684
228.99879883047814	380.6166886290229
204.16354892781175	486.5943905836191
430.3705558570304	208.87455330291058
255.02882973143613	671.0442171585172
792.3363269160155	521.9853525848725
277.855588641526	688.338857663505
542.1686998576458	791.9707638809919
211.0910592818721	464.427560950587
291.53377390946446	713.4996022819743
297.9402662605489	709.1921854925465
483.55721769428186	201.12324683541442
372.7009452649089	238.30095612983428
388.51758930840407	231.4365923795662
209.98714348802895	447.28508601436573
