1.651851520443226	737.0265634782503
73.86298514657786	825.5516323327529
8.976531830385937	742.0400004093726
56.242544417989706	749.0483942893025
77.86536261288968	814.0299724605716
69.85023410528245	769.4552725011029
62.04861371619741	750.6180189375611
73.5217231377695	773.0447004799962
79.22121303271223	810.6259910285752
85.5285460931624	810.3844867024084
77.88270866254454	771.2331590025187
55.47664515337403	861.7853409547092
59.98526094752976	758.9279323198764
58.486019656401545	852.2967360225363
32.51638646499888	739.718887079937
53.629886120305834	749.7748518474101
60.26029588576864	757.7135686368595
20.47627975356359	873.3183380144073
18.960265102909823	738.2354503360375
84.96296537937143	800.1006047252666
8.331575102245914	868.8245466028188
21.521563139253907	867.4574205276398
71.83624052962112	829.9942403153143
47.80154157705019	749.9194829704109
77.99999923728751	799.0916128988889
32.832146674304674	737.435116462517
62.19763844572201	762.2382144692438
75.44185698484462	841.6996005648875
45.47187200225	859.0803313446753
4.102191175988312	737.3468240931302
45.60983272471708	856.222267187727
69.8151157255349	837.9690161337784
43.64009994280216	739.215966376705
78.80192108647854	797.9114506437888
8.074294266393501	865.3623051263359
48.712841864135825	745.7702993374435
69.85347158695599	764.0303710156012
82.96930737177432	824.0321888219852
10.78627756449202	739.4634410620033
81.36458533661184	791.1350277438414
40.8015944656428	743.7327104067615
81.18551044590083	806.183751391341
74.7972471940902	787.4757549442858
56.40562631900159	750.1369462702709
75.19939933350284	782.2606892585383
46.3770487408347	860.3555229984073
21.02775118842215	737.0909438659921
32.27546367803025	740.5150113026314
58.12914775100175	755.245414793762
60.00200293427105	853.7776552051072
850.1236816216474	889.424284511362
961.5639563904513	875.130686082917
944.8598857047979	803.4312521652103
960.6479305471414	823.2303604465573
927.2794023852055	796.3414026262418
862.4149137169519	903.8609961995203
953.5259953468428	819.3749483218497
952.6475862263321	809.6723299793689
877.4799568281416	802.0913061713084
845.6424659845691	894.5738625530204
840.0769405189727	847.7248756569717
859.1762964918601	804.7935784617814
951.0562654417722	816.2794629510607
937.3600839266546	804.4195480370082
963.7106960187524	851.3889576988822
927.155836471871	921.491663684856
867.8975426193626	914.9996151257116
834.9650519579226	864.224016207946
897.4501769826991	927.4871845158027
912.5462797199517	793.2012491938943
921.5680126680417	800.1911485430572
944.1749949881234	807.8033545587069
951.3681939387142	815.9943475219255
965.307811676432	845.9808737665875
840.3829700704414	854.2949038125694
898.9017274731739	793.0720673562398
959.6335277513817	883.7424760491972
840.4717043180583	839.7287405741297
928.0902836631035	802.8817543876253
961.7617424706351	871.8876497592211
936.9569909263289	914.4470605674042
908.6614696203185	927.3768829172137
860.2572096350195	810.9756941832121
838.9063295030674	860.9706461364866
837.6873223202398	863.705170533209
840.2386572297409	833.250676453027
966.1085548031135	862.6402813691725
929.2011281649362	919.1228847328927
840.8443061613234	838.6214410907927
877.6605407444637	921.7897063181033
866.8874909566408	800.7937186695328
841.5366796779384	870.2375669808955
841.5111371403733	889.6559900153466
884.4910477608631	922.5672342550741
906.7630919874209	924.0907065218611
944.680793564082	808.8270690146576
881.9395377191843	794.0429873808014
882.4819870292959	916.313333543961
868.0210744477274	798.6129251763869
898.7006493845898	789.7168557819449
658.9697259937699	199.8434886273146
728.7569194474167	190.16691255518447
614.2434815350554	119.37883178842368
735.6061111461196	112.62527682612577
717.2033684737357	187.93982430091316
744.3896370908462	134.5221681513724
677.9390414432715	201.34056578935756
640.3093772637154	92.43257783858661
712.3667454631876	86.47176702747261
733.2996319660454	95.91622491165685
623.7199139034811	165.42462347129893
747.821264854988	149.94558350947474
686.2367984005359	70.22765201663216
705.8815946849111	202.55321872406407
667.7857356087651	72.04095032909153
612.1621478070974	135.07694288523086
750.5165283553914	139.14563954460834
645.2482346180896	87.08421981957292
618.5477121022409	157.42334731147
651.6464046616264	83.79370877489711
701.6969497762142	83.32776557560994
653.0988271117703	80.09198456878741
688.7163767911394	208.58598923673955
737.2804330689111	113.80340636455865
675.7897794826023	209.35219447324215
728.6837189076424	92.68403961313021
626.8549749526933	170.83463586369297
633.581501513623	88.49515357540116
621.06821252384	169.14751459363055
708.7486993369786	80.52257867069046
650.7243452916751	87.85944571666681
665.1124576594349	207.6253277549227
613.4736023217358	119.93843369089241
654.4185496743655	75.71757387534694
694.8940008975535	81.42427751428927
694.7096218273214	205.93263389775285
637.255949537198	185.75920844782146
621.1740040419743	158.48239782315775
629.2952880399253	174.6641224313482
616.1437176324033	153.66511225187506
720.7097630126772	195.86458395065043
735.354715741843	168.5445989597054
617.3979119218301	154.28750130366632
676.6491419947083	203.4492052929754
613.3798457875092	140.90471517624616
677.8080274011802	205.17285337494428
612.1452109208744	154.06789143373246
646.3421107714258	195.35927425129907
637.0745820291979	97.84428402656509
636.776405169593	189.74091265022753
423.6699555636152	156.37693110117158
484.1615694803989	249.72825829735314
490.71911881767227	204.9947869679809
383.74254701609624	274.668049799923
451.86512602209507	158.55943688164896
374.5401404288681	258.04519605418307
407.50265213517764	283.2141241049168
446.8619850381892	284.3110696840926
359.616884820911	247.42768363754365
359.98346995214945	209.9469681784566
381.8696057898248	270.84901101039213
368.35531371939345	198.70554300747511
362.8103464823923	225.49542314128234
377.29770015489316	268.8723000975902
425.35214287413925	153.29196206813955
395.5668513244005	169.61868560860827
365.54563402270236	250.580486031191
462.0252661138984	168.54695421379552
363.2730071120242	214.04060793769432
458.0180730484269	282.6181633247052
357.8459171637671	205.5297912797781
396.69656437706203	279.1738875689672
362.45322984320995	199.21161467615389
366.3227154001306	204.64161717208407
390.49995549538284	172.4966541929247
379.2804467032508	262.5504757209506
484.1305888942674	187.66467644616935
466.8734167063939	270.1482818652603
492.20081002089864	235.9547238934785
473.4740827903553	180.63663908275052
451.4145779092358	283.8746860786869
408.7778275955547	159.3486295642036
382.63805699126993	170.99093014520594
473.72104955195516	177.483832010089
361.1885709828714	194.65186835305292
377.0975172154479	268.1911635645238
474.7420699430841	187.70864003193088
488.10828191822367	235.95471296115
366.5852470310372	196.25003469877024
486.71984242056175	243.33713224197817
473.22982572242245	176.2290366259277
491.83140164143526	240.6281872075967
452.58683915644525	281.5460002956105
361.7023362793479	232.17535023723624
420.2490611208055	160.21915571142043
452.20147963930003	282.12863155365255
457.8653097743769	273.9217527566217
486.57685817074827	195.02275698226745
420.54769416187787	156.1989653269651
477.8262436433176	194.50184010035733
592.9809374806944	519.0075024712218
694.2449237852014	580.5004145367978
690.5960094387373	578.8591010813772
661.1683315160651	622.8146299187473
670.3980459084444	519.1564280485588
677.6416810000378	610.445650198603
688.180581530203	549.6800592807272
625.3861721039598	510.13149226181054
586.3707508102494	616.1407533642703
666.3046737211756	623.2792261487022
587.9688711596997	523.4340130194316
670.2928816192614	626.2698266658078
568.8458400666473	559.2749945268431
667.5472408683437	618.9585967441917
659.6603928967755	507.45684340151286
631.3565531540708	503.9538391780886
564.5799141225673	591.3313839236371
560.9305482231993	567.7039159935969
669.1690742300418	617.2705040068345
627.4550674370191	509.9760666474069
644.1886283099143	637.6803127030043
608.1016577289151	629.3683046345893
565.7512733114944	557.6158845443363
582.4809977797385	621.7647112939085
687.3011952615979	540.6963669376515
655.2490398228217	512.6168151409892
674.7254338827538	616.9382581267722
689.4034960402392	548.5133687498193
655.4413555525442	635.1161310991985
562.2166259096314	579.0801554858878
617.7572459328779	512.3667016619796
624.253062253805	510.7237003905256
609.5141552085835	506.56560591759404
617.764053296005	502.5853066753122
692.3479022279654	569.2570256060574
596.0978564756593	630.0085552902232
694.4000862584306	549.6213129686749
653.2536505753915	507.9745573436495
603.6598927292417	627.8367714749793
639.6604964214149	511.4090049683755
686.0164842234886	606.190017760848
658.6707597786292	509.11922345462045
581.0957196184079	533.9115816441843
657.8384815570856	625.0675892005784
643.3382170549579	506.85869771699055
690.8027656013189	575.6983724864251
692.9790331924207	545.081404897603
565.0671442491588	569.4404104274291
564.4078073846715	567.8236309056496
652.0965385505872	511.23180742053245
350.77268793318063	603.9494256869988
356.037246676974	603.3430710540994
242.9403618169208	667.2222537708781
364.5592470310153	649.2998158556784
240.08348531103218	671.4610476230662
280.9726944108277	584.8260078625962
230.67820111560633	640.8643937133327
275.83691040822646	708.9359989030053
285.83353981752214	712.2821888176218
231.91242884803142	657.3019727636578
310.4600521156859	709.1096979057072
302.4508595896419	578.1841734937587
360.6671116317641	669.5197632115428
242.33556036838488	679.0008856286153
347.1312691880235	684.5640197730437
279.58802088885216	584.1763641762824
307.94475148025936	705.2855243025743
258.16690570880775	593.1422633177464
335.7676797961713	589.134932163219
303.1782356993219	576.1636344620847
258.96387547008493	590.4985678707037
232.5051983963685	648.7969223494607
293.6575839775325	582.0119344253435
360.4353814105716	619.6039479664807
237.7348860504077	673.739175624192
237.46605250375407	619.4001944118827
254.31651912665353	685.3926913184434
365.96410466576214	654.155052272293
348.5806003492369	594.8413696090566
366.159805391826	665.5677557872258
362.51778076432583	631.2977083696384
285.73644192109094	586.5267851857385
299.2717792306201	713.4995923643825
294.5877164987912	712.2918202784666
233.89484593746346	661.9601551209311
359.42147589235464	621.861934144117
354.27557598548253	600.6191600022102
255.21430668548328	598.8160779432131
336.2304586311232	701.1637334625563
275.875543624005	589.7977657617193
267.06424882390854	585.0488491886863
327.9831143745677	586.5082884913862
342.1803710512907	593.0320663260183
297.56921809458447	707.6610956078745
354.24030920518067	610.4857204674897
320.80428865359943	707.6657920497692
248.73696689421377	601.1627348304494
279.5446737543379	704.5067972199026
363.9286504599738	650.1674458950949
341.7036403507302	693.705552052257
889.493523011562	287.81377839287927
907.3196526639973	163.46028925775823
903.3923046395009	292.98663552248615
907.4313082848697	161.63913471690273
898.1650132276585	288.97379634363375
886.5190615450344	171.6968431604169
907.3785493687438	164.01685389705256
985.5270508334341	207.80328905827372
992.7793476367341	227.78757723936516
984.5793183632607	243.12203207733674
860.6414439518442	218.964978798443
967.7381011192208	187.38728372251012
936.3031463359093	290.3308231569193
872.9929331362979	276.95078372811935
919.02536541909	168.68356562459286
920.8622930371666	294.1944082639726
860.8386605876144	212.87143528048335
859.5354120926652	248.96799921551982
952.93654425122	289.52928038371795
879.2798891301474	277.56070467240545
915.0712475123	297.5723644577859
888.2314127505301	178.46271363224164
896.5578069706413	172.22743735318858
977.1232191453556	200.5751791569923
881.4891373081542	280.34794287867425
983.0916886393172	229.9170259983403
863.0683683210683	243.9712484092872
958.9620897131546	172.68648383023023
936.8114392106911	167.5925776298236
971.3216942806044	278.3988532766205
866.4769251655445	205.72931619415758
949.0986456051472	172.98461940375387
945.0506400412805	288.6444530396213
889.4340160906755	287.7086651655215
970.5304755207346	183.92850497709424
864.6852974711062	252.5364703123606
931.6459461948923	296.9676867068752
989.6116354987818	221.42322251042057
869.1982062215396	273.9636638169267
980.6299500140672	206.72172716893854
882.4377680018288	278.24634729964026
856.2410178669555	217.53505140988693
930.9700733979384	163.3280519286687
874.9264600506355	273.64271583543945
949.7224731791566	291.10493977672326
987.3378825566525	228.16730790581929
877.5635001777513	183.24701799994213
980.8285838849246	247.61581163593073
941.2560145948183	296.0417159789597
882.1927629902733	285.1339289093385
155.00214302060323	785.740657732839
226.89611048434378	742.1143645561069
178.9919287410271	662.3947454938454
101.77058089039315	703.8629447581949
113.98932901746295	681.7269927890352
181.57706393677287	660.9488502818618
172.49762315026084	790.82683408355
174.9215073705951	659.9614870291881
224.12523115643634	715.1474531695791
112.91884361398807	684.2082444466633
104.59063445606553	715.5828058074657
167.45904557967805	663.2787567180586
112.26185631193286	693.9096491683354
116.89659977212175	761.4388978262784
115.1911464514468	760.9661909277776
224.08922944255448	718.320860635723
122.71177087422625	769.907554626832
113.46717108954107	679.6800212057464
99.75254025146496	728.6826984937369
106.94949351673122	694.7154534575689
101.03260129690872	702.844642237844
216.1149516079842	690.6612627748947
197.74799063140534	775.3974163977963
229.7206689936291	733.1549139208007
135.53182031529255	780.864722698353
224.33347981562346	711.7379876587307
124.34296614368567	779.1908134611912
172.32633831442922	793.552373337369
105.47486796603845	711.3327999475986
114.87547840856038	674.9140062039467
119.11629865567464	766.2971507550628
153.22295881757952	786.4557354045459
192.63838300548875	781.934493593046
223.56689974411603	706.3332501622442
148.39409163621008	787.5598865015319
132.08393842564791	777.7244679832196
230.17971401182592	730.7846544443838
212.3735298878162	683.6047542668781
101.42794443236735	742.4487257361136
160.19724798735658	789.4044490977504
122.17407050592732	678.1819974350743
120.69719039885184	679.2871091513251
105.79020767103464	703.5012442806069
124.93262595726561	674.3582356945576
230.5617524967617	743.8127776529399
147.6834747876128	786.4043820272323
98.4633710696684	707.9893870814104
170.70415164010345	660.5065185277996
208.24451873359817	769.1593924368136
118.94755995038764	773.7018279550608
650.7326279370074	831.4814199789196
712.1392559558722	729.7531794843003
634.098590696958	789.182144908379
682.153473939436	728.5442691647445
748.0394934545676	756.5289894656213
667.0995103707617	848.2717999201765
687.2186382688125	725.8413832926209
698.5077838472408	730.8668654439114
753.1508719908846	760.8011437283761
679.9456688963763	857.0119760301063
734.7503164711898	846.4029549784157
754.8777628284258	776.7102998429704
675.2473387659036	730.90330472704
667.7745106429887	844.5905909666599
644.3349188466833	831.7662349984033
676.5536894564284	732.1086961828324
668.780877782387	727.115143770851
643.3163391266851	757.1600058699232
709.9556643653383	725.318907228816
753.5020239230888	824.1386066883147
689.0925284876339	721.674857673051
678.0528738892752	727.9182046537511
649.6555420543427	838.2323204575404
720.6369356012175	848.6457757249425
630.8192278744718	790.6927955948677
752.3967069097667	816.3376436673386
641.2691301964501	818.96075375831
751.9846470027433	832.5586544297678
739.9761383347916	837.6366314752986
677.8677111576711	724.7498431670983
740.4815408642975	740.7784320109506
741.9683426314269	746.4827064683915
672.092034378853	852.1425318253004
741.2368827859704	747.7558754741517
662.7431846466711	739.4341473497265
739.6135188846082	741.779680131344
646.8717979520412	742.0160003695966
639.1232110693993	830.0893982621584
697.8508898430684	722.2922729240211
754.9035801285368	776.4558865584489
757.5569193053622	780.5620771648962
642.2607400443833	823.3048499353284
735.8180722401927	738.2510260331507
729.4483249854727	737.5171377337566
685.7030745549379	722.6230913204787
672.437760777884	848.2248872061646
681.7433585732172	857.5857539049574
665.4732746252173	729.4619337803266
640.331451224573	764.6072786805165
712.9143415097801	729.1888584581319
854.158281413248	703.3795111495755
845.8473652785952	698.0935508507372
835.8304435141332	789.3563753452648
743.733747335463	711.6750826115663
784.9982743369063	804.9857304534704
738.1782308245117	774.1652662531308
778.3367800070105	678.6260538551994
756.8548253057915	783.221785615871
835.1364656768446	684.543333813748
751.74186500336	782.5429235250817
857.820355252484	720.805245782155
766.3894766366599	680.5784465400559
839.6887619369603	787.2948129976849
804.7915220247409	669.737468537457
734.4665671641011	722.1543417334958
860.7796025961452	710.0216454870746
760.0853482344487	791.1082130313953
812.3420976842001	802.4994834684754
729.4248861536344	740.3554536968626
735.6309429215613	719.5952177884985
846.2636295074336	700.1242157800582
789.1726584153885	677.9549100613976
732.7077171528746	715.5311838261737
857.8647369012829	724.2067634426818
728.648099710092	744.9007587906833
818.102520367554	682.4514286571122
853.5904322584437	770.9411933594334
737.1722456937364	756.4637904820805
863.747003807658	746.3921254781517
865.0867443588584	720.3500895074436
842.179340985184	785.8156073955566
844.6470185720043	783.2870267335212
771.0881077158789	796.6274223479822
742.54554470414	780.8419011044688
738.7883661382987	705.0954268975017
858.700020824615	714.3364417254141
785.026743313827	672.6940185607056
825.3305512987971	798.5270949043322
766.2737731740566	798.059272567348
775.9129648692675	796.6864125473063
787.8240265605764	677.8461945008163
777.626136554928	799.4229371465404
861.9423716587125	748.7874459925578
790.9523725253958	801.0370646431419
734.5304124747321	763.0605133825644
746.4746591028792	782.4879206375156
772.3178988338216	795.6012114125406
813.2358381045848	798.9216961228312
807.1294557738632	673.3029077009959
803.1610229694825	675.7078621160972
492.4012947608827	509.10406312949476
462.8734574938631	443.5926273661528
372.77560542660314	533.6847652067462
418.2290153572914	435.9116923454519
436.4832892846205	436.95528042705524
489.45145491426723	476.20694050767554
401.87801157128644	435.04749295661907
471.5861686761484	454.8645503411433
421.904438491426	559.2293177379652
423.79750365977674	565.7760101399398
387.8344104299534	440.2099514126162
362.9147938667069	520.3236688934513
452.0406069262027	559.9010254783966
384.77931030054935	448.4360406950968
448.19820053710123	559.5853944692385
367.3845036407696	522.1370911609622
458.4145563478342	443.0453011573643
358.7950080509391	506.89836039075
363.92172231005003	508.02010201973826
365.0207277649176	490.65974994849506
441.2648153573204	438.23257160444916
363.7793245869103	506.2581463293251
475.4667117345598	528.8003593466708
474.5388874509877	544.0953164359527
386.5972165926569	545.7613703322381
487.78811989586455	520.3417264779197
455.7877762576633	439.5989749040523
379.98498802032486	546.4250360677997
382.58427807317605	441.0253221944819
431.05524155542565	434.90256540673556
489.22116476154685	506.4680975527804
399.9572420431028	552.2081795754975
476.4892856427818	542.1812927972948
396.3260128221523	433.90731215637845
370.73925501424463	529.008654297609
474.42783906218335	460.0616102958527
412.41934007303706	431.40939813033975
371.5861554401222	464.6719819159563
377.8746955806799	546.0368808043495
486.63039353630546	495.04075904407796
468.3284278788867	444.478643561493
372.4479823759591	541.5037466901541
476.2932332641352	528.4151358111251
485.31134473893724	509.9312944898551
425.32603221881647	560.7280278258994
359.4287526400827	520.9813850762853
428.3442415918398	557.6689005916095
483.9452750039348	465.6574692267942
441.88749151269235	555.7327718297463
362.4219059408368	501.75531137108175
176.42445577315502	634.7009351233281
197.00223753145363	620.107883365198
71.24425567869453	597.6226119318433
192.5485617405317	561.3175571723629
153.65713464130803	534.1280759351771
76.30002111735423	573.6432799197245
111.65176288227951	657.8476409112448
85.87021237064873	554.8125625958459
181.67267427356114	642.0667091158995
185.45903265872255	637.5470273256715
71.6983994487641	575.2229042300972
66.64550444989537	578.1358572352037
164.7875260715228	650.4193130228823
79.10596915013201	632.4486715581274
129.59310778616583	527.6983301511125
186.7764923284031	629.9624077921048
137.5278555947541	528.850024052817
136.64152742785785	528.4836892886943
106.65071632336087	647.2382036163201
69.93505672067879	578.9054830562463
80.26514407211916	629.5414618830467
80.40772487842251	627.5206894312955
191.33354309062034	614.2077272847704
89.9635506390628	541.286801720408
70.26849907804511	592.4825756376154
187.09172375399342	626.9383492171143
113.00302792549056	526.9469923977996
78.32696944797901	553.7355547437325
191.33569999851352	614.6713541292819
72.57944632899726	571.3643798463672
86.51086730063862	638.3638686822709
188.2476621107999	618.6416982167009
85.648404287616	542.0364866708196
109.8315997436381	647.5485619826484
196.67092537194586	578.8856827825512
130.33168928528426	660.576230941444
161.91016203436214	536.0139897807608
95.54521527525739	545.1599144322104
146.26817173868423	528.6279386834412
119.88663050546089	659.8355209865119
107.76158374007872	537.1441723984561
197.69452272629073	566.1973072192314
85.23852920926078	554.933395316974
195.87419076435896	572.4196927751517
72.00446386106796	587.7449576354776
128.95786143025657	654.211614818778
78.15866094918711	615.1520613043057
72.1123242100311	623.3132845592854
132.73452525412753	522.6827977152432
123.90094631140714	530.7487402534028
663.5848914108003	950.8427799269208
615.7527006129724	918.7179241074934
678.0315547252604	971.5334768294747
595.2360866719614	925.0486302147884
602.2857825973805	920.5134953663363
674.7295303699927	982.9183216060688
666.3549636596151	952.1601323890769
563.5391642166942	943.3585675041539
674.9029212898789	988.90490435764
677.1155786061541	964.3177936248231
549.0976901250574	999.24338024535
665.6528812007282	946.4477189602673
606.0681929282185	923.7532326847097
564.9046803755931	944.3260471528869
555.6109046721002	958.8758407542724
559.2448722901996	943.120866406068
679.3087880417652	987.9352016818798
672.2550282916798	956.5439153697329
566.5539497330707	941.3887051083599
679.2687826827479	963.7401543761799
616.1101723880477	923.331540084984
588.9614547471614	929.1196257274194
594.417327656558	924.5620065167146
545.4439510419138	968.9874973737742
553.3705299592275	968.9479913033422
550.5974823193835	965.3526344433636
548.2804152711743	988.8746886106303
670.424457670084	953.5135010634319
640.7852105847815	922.9210379033598
661.6545980386102	940.2557665527077
676.8896336619496	957.0934146623955
576.3367968189169	927.7073240781673
570.53875471372	938.265425518964
552.3562519074364	966.0057723156193
669.5714262244164	960.7174511788603
640.7650017884005	920.8815282392625
626.4407161669196	924.4932621843838
658.2695860265939	939.377141100923
677.8818378852628	992.9807729295919
543.8580520917586	996.5322393964011
558.085228797292	953.5544761898235
574.9531876112892	937.1528632293415
617.2860954903033	919.7684168001409
597.4343073977934	920.801755321591
559.517238505353	955.407762964104
681.5194004312756	978.9007438037061
546.9192787567714	977.5709310077364
546.9948235858506	976.3122394534976
545.4265666302493	969.1449888716355
549.7998027480406	980.3367056179678
764.6183819144424	552.0868836554696
884.6583751488638	552.1360324021266
843.234061427044	470.02540029384954
791.3402707383868	465.345307126775
793.8881487683649	590.5626575475384
828.617596374098	590.1101938328123
793.0639603111537	471.3097526115513
875.2232023943681	563.639767336017
809.0044519905231	596.7501876649552
842.8567684667613	466.7334131042249
827.3776113925047	463.04670904296006
754.1467400227748	537.6514442970107
851.8175442904754	473.15572514809367
807.3769422594306	461.99059098144113
876.7181313669764	490.29733192427705
808.3016045341616	465.6171464972692
884.3692746114355	556.2056934816496
843.841406361865	591.273785550456
881.6929343574118	517.7854277002394
865.7233891672472	573.9125861448925
824.7334265420458	588.8157366415692
882.3623332676633	544.3381886108172
869.2716127699194	485.2893954786719
865.6079352721913	479.3654253129409
807.1379908522949	587.56250516147
815.0245123405697	596.1770033800594
801.4432712586106	589.517657643572
880.2918046355514	521.0359178300499
770.024960779108	482.2100153884306
806.6958062803603	462.9488231725123
767.4280812585899	564.0151782930657
878.9856198269094	563.4035367319789
793.8026151613387	473.42157510014613
866.6045584964166	573.8617619754153
756.7767778564283	522.6856862644813
799.8947009030039	463.0367996057123
881.4692848269626	514.0518496923795
752.4728931416572	542.9662026415513
819.227628606879	460.16410914573726
832.5374463622754	463.50938826568336
826.1272646423938	595.7615469997536
761.5076129507305	500.11856253761266
772.6797474104159	486.34071368014554
863.743086570772	478.25366905419276
793.8739405152708	471.3753821110487
887.4603818214654	531.1179886832097
818.8943607273012	466.98493301393404
754.638703827291	508.39644650037394
765.3450198609722	492.07453270334435
865.3822242999568	481.79074847400017
171.32166802794623	878.1225834355896
155.6130503651939	751.7601043080592
83.02604670244618	831.5843965332838
210.5765264052042	815.586358600494
122.59675066500975	748.924468223628
116.14042097185818	761.7095119457726
145.92676891830692	879.3891951692473
102.609776002765	860.1872243154124
131.93297443976792	748.2041834058668
185.44429860130674	766.32567523305
129.11085031728075	878.7604351087442
167.75215024437063	878.5239090478392
199.79835386268397	785.7579547609696
123.02038226453904	880.1551898936943
207.8947723659117	838.7990236268664
138.9011205964521	880.8140620378139
77.57967020186996	809.2957468942826
108.29697222418066	757.3701161400877
206.7442372277476	800.018037006285
209.29105733734522	790.6841681443939
91.91417286611525	771.6934787712063
187.60566171921133	869.1849319632062
204.97646564663418	833.7531335675146
167.3526055372535	879.2580620926897
117.13991314266615	873.3987298158654
182.04030188620058	862.7515079532723
81.08828627123654	800.8488734246038
208.82692015219973	783.8313407575127
179.79050127577645	875.048010785215
145.26692836394074	750.0822518771245
78.94234091651975	832.0268278497375
103.87502233995637	760.5536719065549
141.5101160766863	879.1952837711567
209.01684455182723	813.3501967808644
79.1155735638216	821.9860948826972
98.31393799914056	861.2395080014845
79.93943752921273	818.7614448180508
199.81814172736577	773.1008582484687
146.25109830043547	748.7828539144303
92.10659499874919	775.9047018217768
209.2817389026186	833.0418998971915
193.01861270818077	765.6035199435375
77.01561443279282	812.5355540905491
127.07551300250219	755.734584720301
207.62133146864014	805.392168789705
91.52292693981279	773.3988496718877
214.34719807052937	802.2656878693307
118.61035654754592	873.056681331524
85.11217102803292	815.1530945007253
204.99953955161877	843.290566702661
136.74902083205097	533.7454739416619
26.40687454228441	594.1159892598885
147.35598696761488	571.3328944897995
145.90262449935287	590.1249791161422
50.15125334950265	626.4532237525561
149.50090753576083	557.6282492347407
136.1510112586939	601.7176081499911
99.24090217171944	630.0043460838468
14.526679413810584	580.0408373750242
142.43235751663263	584.2364256258323
106.09535400173809	502.1710142051714
80.00100370469809	630.5930529746695
77.40749195313379	629.4136994507818
51.380847479445045	621.6416159950121
140.41851978799625	544.586442516219
95.67815292381421	627.6871255903717
13.130575761053255	581.5664555527093
90.62282879561356	501.70411515209724
63.82624288795169	504.542777575798
28.80214064165354	522.5122119442519
92.70710857181274	500.2065368569214
47.02513546126175	511.17239519990886
148.46444817662973	579.2896005110824
138.42453478145524	601.2768359202012
47.58271734677311	622.4385953605693
59.93872135669254	628.6970887501117
136.5733377247367	532.7707552280878
51.90577607182523	505.553813111587
141.91870944977558	552.1181962776685
136.66961598425033	537.8353223853313
145.82012027849666	542.4730244340171
48.53309006553541	619.5926671481276
20.11033237446891	534.8612923181897
34.44490408546319	525.4851113893016
138.46955129596472	539.1426670602373
42.10768155707789	621.226931846081
115.64326830421045	618.0793338365452
96.83265691784804	505.3698688124925
136.36965923582588	530.8662968040658
73.94321743501631	631.8053884139489
32.86505543143525	531.5524266886415
17.805689349075003	556.6461896415407
142.55866089740155	573.4222051339018
86.90915975515013	504.618118072387
73.05701212635229	633.0660830133202
70.98999508765691	633.1781795389492
30.254637087662406	601.0347551083318
40.56026332565688	512.6599698457079
149.04869035150736	566.4060013359317
46.79253897218017	509.9392286853702
351.49368477528964	315.96527281776144
413.2722280373939	223.74339276079402
469.293285970067	324.1042309056552
467.5219194065786	246.44569474140266
384.95146690896485	345.5188657781475
427.4633104411195	349.3533634613466
481.42159654333227	282.8513496532796
455.3535193584927	343.01602143842837
468.08754837696756	258.1715300529256
462.62354124533755	334.9724517947727
357.6604353016748	309.69885647101
352.1475666754326	307.9288011161644
424.42469817587505	351.5969438998154
468.740950708468	334.186580774521
351.2638896251452	312.85954358920145
407.5168482347349	350.5200304213448
391.5010172595298	354.60479214309606
358.3218612709991	251.78121594938486
437.0804971681651	355.02630225716
446.29703405913557	348.7457485574834
371.95329218186635	343.27175270234943
444.0801998548676	349.2269141588261
434.0096781362256	223.26320048399617
474.18069875248204	276.1414840988734
425.8972869031475	228.99574318103043
440.2213912277763	344.12896038290876
426.06334679312465	348.9810553191882
444.3101640578506	352.1097845607256
372.3210975953268	243.52709901139556
467.0613827127663	332.6397517846563
479.2448983166294	266.7060438897957
349.80590258068435	302.59359699045405
353.1197920462861	305.16952444893985
455.60329686297206	240.89512160462778
473.8177080188636	314.9039696004682
384.37425711564265	235.19447873707577
349.5494943470437	297.2130103800982
400.8449314025446	221.36331810272137
356.5447974698057	326.0808846174027
430.6213227173594	223.48614500154417
375.2709530361353	233.65241427717785
380.012684351284	346.93291557173643
348.61550418019436	286.3328632808172
461.1566402727817	332.7307538294368
477.3922113311737	268.18372617271035
356.6528109862336	261.3216309304848
434.55199814689547	224.3670223928058
476.7212940470077	285.97733920167343
377.5043875554418	343.9252702700134
453.89212655496294	240.92933423017027
398.04156043700135	7.345476251476413
267.83939256791524	2.8075221309316056
265.66050321168024	6.198366686426815
386.9543749557032	29.769325935544156
366.89164085150713	59.680090194070836
273.3380692075179	37.748641610594326
303.8574930734574	59.61226410489473
288.52872721385603	44.68525698462145
266.21464470278266	19.70013291735251
261.8787052452737	1.3096377547998639
262.480481578926	9.860241602698272
391.2166478039599	27.142179533932055
325.8095808698621	68.27181919215397
273.4527874611492	26.821407781334237
261.88983755748995	1.7895922298214462
269.24886212550626	32.75666328184646
392.58747736684217	18.14978566062009
369.86173210516137	55.171470061279535
347.08546607881664	66.16506793511645
266.41905304990445	29.98212603081385
391.14187107090294	2.0354698925901804
354.09765850011	56.38184709950955
369.1383193134361	45.960506378941446
389.9405679262611	4.1786993329234745
302.7369021234798	61.77845506417923
390.9765641201266	8.68244132065854
392.86175106350294	12.640784377877079
274.7115205022925	38.790729386975585
320.94398708826213	63.0527261187287
270.83185071665673	37.733398710966924
285.59829852236504	44.53831156710986
306.0475528744391	56.71178759967954
283.0704044066361	43.208237959648784
397.59753880664874	15.674985661068508
386.11953784264284	28.4979729989977
391.0253933097726	20.59982903106372
393.8550626414888	6.9318842487828825
334.07005577438633	66.08172586656113
338.45846172699623	68.84326737945202
268.0623492069786	14.076998503637306
381.5315425024657	40.76480058649745
391.8686280675886	11.60751227592083
290.23304415016537	56.006199467578014
360.460078321115	53.617351666293224
269.2233418149612	6.903239788877857
274.67561152984257	25.987048288786283
357.85425218502866	58.06521719649416
278.81049797654947	34.40231020264872
345.48418162876237	60.13296722696304
342.00248664907764	62.382761651821994
755.9716342067612	268.05534966021946
821.8985991294288	379.90095662270005
857.0049758232998	289.96221100499184
860.8098769889962	314.5425478581295
858.3704759721614	341.321121175712
863.3167659652655	313.61024725955946
797.0415795427806	385.4438378536037
744.2748159540583	362.19442114265877
802.8406377252177	252.86673582384088
821.8442586642599	257.42605792366345
729.2996570130011	293.77237134564115
840.582607884206	278.36859001682836
836.0347375126012	371.81518425806337
769.4649054063245	375.54765308310976
748.4281901860508	277.7541649854254
858.235381518836	295.6709483203738
743.7862041623399	271.74683228914887
814.2392938366343	260.4596028363848
790.5235152714359	252.92493731150302
774.7245651883784	376.3890052376683
789.0472721052433	379.803738005614
728.8085070974428	315.6992735284849
814.5927641657461	253.14740703319882
781.2507645435371	258.64460171706685
735.598660545643	354.85832749661284
749.0079387892481	369.08907895827434
845.7023268107797	277.6136985368015
857.0303912815721	310.14330097620814
733.563480287096	284.26416781047146
855.162723731101	292.1935570908185
745.8137719483118	277.9193031861763
789.8964981715875	251.46159339123898
808.5089531814662	382.55619140554285
786.5350917193794	250.3757844707628
740.5113534791931	284.6776085603193
842.0948845821296	269.7404959045828
820.9309655243293	377.54275293585573
753.1515923063364	366.7717697292212
852.8973472260523	302.73696635385005
746.2407696858079	277.11067240647105
748.0005533289407	277.4808448650653
815.6440624799236	259.8074930829088
734.6462007854176	304.98881203039383
762.2028892458135	372.1057272765097
852.3252538357964	291.9594652345306
821.9486663914533	265.01155192150117
853.1129220392269	336.06214368467647
768.4444038633334	379.6888992919057
843.5074476089487	272.8457030275133
837.1712338469493	265.0241963045875
881.0966681903649	416.5506256167256
942.7555209566211	421.61851013303675
873.117131538282	406.3565288601999
856.9959754217123	364.5270251812735
963.5481572018556	312.34759946955904
885.126859461734	305.5003833412272
922.7087527305835	430.86624574504896
973.429550680988	405.67591596633304
887.1425995066584	421.0620638834844
970.826333645554	402.74946430267056
983.3176581400801	389.7306296656088
880.0438959718582	411.3260118402147
990.0929479909606	361.5152591041858
973.5071422326083	323.87238752684556
870.2887107113977	331.3245863968255
882.3693528680575	406.0245711494421
975.1078897485987	403.73145442857873
903.4744659597509	426.68332963626943
858.4596755681162	361.86593245382113
884.1846887725679	409.097515428801
921.6738364941216	427.39523677277845
969.4595426844708	309.41628191208395
984.0266020544292	383.34120988289845
858.7348783827455	367.5053658759362
880.4784223602716	313.44457511398593
989.2178312648576	365.57757908055964
978.4385978902158	321.79345827957803
973.6353725611062	392.5864084452104
950.2166852373869	417.6353816884367
856.7954161592426	346.5839806473452
917.3173938803316	296.22994192036987
935.1833767911231	292.8443066332185
856.0164473386147	367.33447239411976
868.6916265241838	390.3613442924626
961.4492040066621	307.54947192198654
906.330947114829	419.73960779515176
980.3536953444623	344.3392469568969
858.8897843382929	373.48073838061504
877.3725608871181	311.41198856056815
974.1701965063513	329.42274176766915
967.2844555737508	310.45284842702625
975.6399880272526	325.01311511207564
983.9055932828206	328.03848908627
878.0003307066389	310.65098855797714
956.630515751468	419.91819151000584
913.843670649405	427.3966002907459
858.6570606911984	358.13858865449953
862.111607210493	378.19948563726035
973.649788574851	395.9423112099998
982.0294241998972	385.2462685483883
195.62192042972237	60.55922875455777
84.43197493847643	14.897004956806793
214.01493190277031	8.852738958802231
213.61622993191332	5.809239308328884
147.6763200924077	78.33183007570011
166.77213658881817	78.7987531733747
113.97052592651625	57.593761088181815
90.59890932723502	27.36080940814556
119.10562191409745	70.23631035926282
168.4452932430197	73.27919979674913
88.98545686866721	21.6170551423297
189.31774272340263	60.89110180530477
212.92689165954204	40.107889373252156
211.80230132431421	25.69573050507845
123.53417829265356	63.98343818093433
111.88402996401292	60.15181261793367
185.99213810419545	71.56333994528575
113.96902437952272	57.76327908511869
106.05694657857978	60.60509684807902
84.23034450069544	12.265699338742774
116.79717266834943	67.02643263080165
118.62514313252603	64.96462892876909
84.6961517046012	1.380185000130929
162.75975243190277	70.55116556068131
94.64877693884965	27.651890420458347
134.14801145057743	77.63220581443065
214.10899438760123	20.06432178137818
127.65480867188627	70.78743350310145
134.02835783029832	69.64360066556019
216.23095591467268	38.83153715013143
104.85644189470045	59.56370811458267
215.9079287206175	29.168560657159006
84.38780062274043	4.634090052636264
169.28971637608302	75.5167344398291
187.71451456508436	61.33351154465383
218.08070983076976	29.80296200120536
218.09938228630145	27.641618384009025
87.09806209958981	18.32606534678971
218.30996960453086	18.598879762430578
173.86994266936918	76.58611904367308
152.6854969561744	73.66815520758219
105.90595119154578	61.22922637276884
105.46449162757243	54.43113167022573
199.3626767167943	55.60946924711763
94.38330030116782	25.606711139187222
98.98334091216643	44.882688179436855
194.0193347999831	56.13375580923918
165.9436782667919	70.13937372752477
143.4157108571259	79.16681199944098
201.65057894547022	59.266953948702735
717.985726236211	617.1282244215698
702.9970077706736	556.9750097287596
703.1867671900812	533.5777797689013
823.4045835235177	568.7145716593247
824.284930506485	539.2202479615444
778.0568760156964	629.6770538661762
826.9108050417897	554.4923806876913
819.1696417640537	589.8321269115949
821.6460950116002	597.7739207808041
800.2552319320251	510.09193490330216
699.6967015478583	589.4966099617802
705.1927557283354	537.1214833128146
703.8709868758432	533.8363786872402
693.5025357163203	561.877390390508
774.7631138792722	502.62386637485645
785.9276164983032	504.2850791643483
787.8150141920535	507.608679604264
777.7793291253452	503.78859512543283
743.0855354629244	509.65975741090676
697.6233988871716	571.308161898373
710.5156278600248	600.2678076271453
781.6989567545769	630.6127013964965
715.8249888483836	519.42021511759
814.4188544178911	613.4493193241465
820.8096984240053	583.7841384000267
818.6282380481863	599.1624899742343
735.8191922920463	507.5778383703247
696.8848637552077	589.3109018527236
825.7150793878579	592.9376328408397
730.4288383495523	510.50891575609205
709.724052687913	609.6045317115668
702.1697857492213	535.1176770268347
765.2826178219096	502.62766452156905
726.2383053858471	615.1525874761
720.5930033128304	616.7264040379026
703.2032555296244	582.2539680640919
832.2484394227	572.4348954786738
797.2886970697568	620.2939838651786
777.988449629907	500.498326846052
733.8183191259044	513.8657953704197
812.6260908370376	611.6983529444035
826.0895680625855	561.7328312042554
729.2738185785036	509.3886169587758
776.2281261252771	504.23744401311865
818.8727777754235	543.994328217981
790.6914482658589	512.4266151412282
791.8879762974237	504.2542655828407
716.2949979877659	517.3274937328899
830.4104133117697	578.1000612791987
829.3861809860254	580.7328516542694
636.0046764002369	289.28136852021544
673.4202112381909	405.2948428992583
614.8962495430397	355.0761452391119
611.1311836628488	331.1490676593464
742.9717646571066	349.57928362142496
736.9476977530375	319.4101357886067
628.3381491554835	296.4742941245556
676.1705879988518	399.94013294995034
741.7157840932491	336.33728756375945
735.9554945747437	352.9308812685781
731.9152047964626	369.72367863579814
607.197299706869	343.64782736234946
618.1857087950374	372.46429055869044
639.7669704372415	288.43373932315984
741.6771249007619	333.69934094986377
609.3252509167613	365.5400478081851
729.331964537431	309.66547835298076
697.004015198095	273.80981667261807
625.187241544475	383.17264881516877
740.4686688376155	345.29561615215965
614.8409840262096	362.3111794399014
649.0490439378007	394.7410683332374
722.8428304959345	379.42782951152867
699.2746606355187	396.4205364997134
707.7786031809424	279.9479562966639
622.9477834135915	306.9466401860361
695.559128101653	273.00892014743596
666.9009820943598	404.6874840832898
735.8847667204816	322.47533941559516
694.2520261294765	276.10021661343654
682.0046905999469	274.5868381283173
681.937054520396	399.1142239755938
627.5501388108809	384.59096413357463
694.4643309411114	282.42724401980513
645.8116768305587	282.1749197849487
688.8588064853462	280.71187519602313
741.0006958439013	357.96918370083296
695.878736965251	398.98726005122643
693.7241101475505	273.8177345088258
609.7058318357799	315.2287107654447
647.1038385376636	281.99156403152017
722.71634162016	301.54871767783584
651.8761331810767	279.6378385354299
646.0337475506415	280.4614063597188
688.4343162828371	271.89306669713875
607.3411377819014	334.75809065783625
723.7023671480604	380.4803117961002
718.519131249734	383.60466383199207
630.0190987029298	286.73816152594424
607.8996387206089	331.01846551366
180.47478794562878	86.467277121134
149.37850687418884	153.92617878944904
157.46454676009458	185.92864526093567
253.73784409062517	195.2462913733424
143.34358402668846	137.16724825091674
147.47847134308424	164.10108854859317
243.99120982492073	204.91179264774695
164.15609804831334	193.91860824284902
189.39253337735417	89.77291874602244
146.51184981394883	144.7029370164269
264.36221528839354	104.53304120382745
174.98234596902208	193.58630447584312
217.81438170169486	80.84043740005542
167.16867613908826	199.0145899529574
178.06246881994426	90.8408426855819
274.256658557687	150.09237598855685
229.14376847662533	85.3703686971704
268.5196412703223	116.34508371640429
274.1370331459222	152.58240204505458
148.49527052565438	170.36431686996212
275.6566228271884	163.58845336729254
241.06229475358452	83.26675406341732
244.09468487446173	207.5325354574108
160.93874156117926	101.95594113893169
256.116894105923	98.01305810899441
227.39229030931872	86.98743271157372
245.15180925267188	91.60499624720498
263.386167038547	113.86670905147456
174.1664353766035	88.41395469636548
224.02958858799093	209.7268270413647
155.53952347016676	175.3404553905864
274.24610576729833	143.14883208274688
214.20541171590511	84.4725049006665
195.47417187190874	83.37255705804559
226.7289436621637	80.98013876933408
276.895697523932	152.07547549551802
234.79752476784276	206.29265300305178
226.49417829979	208.08946712997235
239.31935000706838	85.73737458088071
153.87083933739353	117.5600437168256
160.56386323407213	108.69964937704336
146.54731762054928	134.70254576362305
254.75863977005108	97.48631911175431
240.4632606669569	201.2552135383122
144.46451264702677	157.90916094758833
259.9156982355919	194.10409336754986
220.60850453359626	210.00419543806913
212.4705784762203	80.52456066614688
280.9769882155666	151.81178411550712
273.8132843720624	151.3628287313925
495.51920507364076	462.42838588787197
429.73065525994247	394.9702241101806
497.6095251716017	458.9255627226673
526.4594318809086	453.7021539447347
546.2107289569927	364.4170979902486
462.2989344412822	456.94690406991543
557.5120987477743	415.84193800522894
442.23881391846976	355.48320497212126
462.9061455661251	346.4062368189642
466.09174061513534	453.65608579166684
552.7220549567649	357.3731780400055
532.863470991508	447.4283622852264
516.6264395936857	334.8217379242593
453.51230353896545	446.16942797110335
468.20818972509636	340.40036883276116
497.43804662021387	460.57138633731034
520.6688999228367	334.3609840286639
554.8773057825745	364.5987923481883
511.7463860846482	462.27467598617653
455.6289685163125	445.71969569536276
439.4469423472684	417.44119251287583
529.6123779733435	344.25006996412776
462.6879732296654	340.4788019925249
457.5666189432107	451.880770107987
429.956275807897	392.18996217209525
505.51393294774607	464.95495582996926
555.658253408519	367.1079022011954
557.6486137264419	394.34901012944147
448.18571056947974	434.9254026960779
481.9415334407208	337.43472350891426
452.1567597020302	449.8944186553934
468.09329866627314	455.13678097484257
513.2883794307304	461.8676936501588
553.897167066051	436.39666186377247
540.3186166716571	447.9856169449761
554.9179444955183	421.4003414955212
541.9036268986284	348.8479857048834
436.96658852849714	420.87934154411477
428.09369722127167	396.1631222095835
447.6605843904721	433.16200379633574
537.3525935771876	445.1441891717828
446.0084861585204	353.12935514278854
543.5213295255215	440.8107064818304
448.7604731061269	351.88590417819177
469.74001432973125	341.7740929953872
470.5642475755831	456.47831883185876
530.1001561826898	340.06203592310635
545.8004205948986	444.44827247721577
556.3577565279861	388.332870000304
480.1894631250897	463.75576449817436
505.22679610107656	294.63972017723194
489.3472396933346	261.9528181268128
492.95839012632723	365.3619593524625
494.64521252166526	277.3702064194279
384.96020294987807	298.8151910725997
505.7144116101812	290.2809534684585
465.6715696301522	373.66333387041385
397.3514484507836	347.8118106905902
410.7974778772888	267.48833833617334
456.86420372888495	252.35416788044728
416.9755307549836	375.94700050863537
428.33236498315085	382.24311791851926
406.52942390319737	361.4438226504447
453.9456850440113	247.85766052085089
476.53868028594127	377.7515450835437
515.2448059077793	303.22630796780857
452.9927574382523	381.73524136451596
494.87080399438497	355.70106858068715
424.4943356960502	380.3573975449395
386.79122395269525	317.2829744196188
404.3798333461713	358.53656279640353
484.5662439227526	370.83816109166446
381.9029991434636	299.1509412258493
391.05314965137217	347.90098980208273
387.4496557184792	306.0271352963868
461.9973913145582	373.79092262294
401.42714168297243	263.98899329641677
475.28676778552125	260.8827122397953
386.6656788974174	334.4667169697668
426.81802347023256	375.4408721243879
394.76998076487445	344.4055624860326
433.5952726073584	248.54909345830234
511.6874750145225	300.9254684674886
388.4326526944123	279.5558595221649
403.77141754936076	366.10798089489305
482.9886021136824	255.4586668984532
436.8577038256172	246.34874477869272
445.02084857368385	253.00466918650542
429.90928299407784	378.7197899573883
386.36656168189	281.6645538349832
508.90384400549505	330.3568038718179
408.25708026551564	260.22320267320345
471.16139446036766	253.13486998713597
385.91459042840006	329.9131103146599
403.2073453853491	274.8836859928672
380.9471622810293	330.75615959829895
516.9364713897936	306.883650039333
389.6205768308398	332.4507250779109
443.41708757065857	249.61659134272574
427.68636091103497	248.30026781738644
69.77238447017353	646.2471277717281
36.70830028186678	569.2619321672361
6.055516433646657	695.6133832676014
12.751101315237046	566.5182747638472
41.72873287591183	686.0098193590077
58.60312044850924	672.2848279796218
15.786605226153384	695.3804662583797
23.37265802665234	570.0977874656219
68.49951173231538	610.2884093200756
37.08222489610436	572.870821770766
53.63754875257587	585.828044205886
25.31160289251444	690.9652033322026
69.5172612581113	650.9302965285515
2.6018668103354736	694.6952800750392
44.96819892661075	577.094644371046
46.8879642158021	581.136071341759
33.95001881925419	687.7299715504886
27.880848113198574	689.1866344693351
60.202524263247014	674.8019869035137
70.81106621033662	645.6946948884813
53.229886435799955	682.184662810094
18.568558204085093	567.8603617367545
48.31639274374555	685.8514591864359
29.262331463658864	566.2841305282897
19.028975586614983	570.7149596839901
70.57148980308159	632.8389358280558
67.2730409596991	605.4078775873656
34.5352376705389	687.0162854347731
62.91265653563649	668.958422291967
17.96441527089465	694.488300777006
16.44105440226673	564.6150953369189
18.46702727418481	696.9393219136424
27.363047838345533	691.4050050835503
65.24816757593533	613.1467216508827
72.9903931436261	638.2189974274472
3.2036489486965136	698.6601851152573
0.6444083197588713	692.1205241441977
27.48337808629242	574.5836809196162
54.360641476401405	592.7598665646372
32.064411973825926	569.3894142400869
51.509519660845385	580.442292035122
22.695953477375184	565.0897381399698
62.4094328856547	673.497756019799
8.116863323137768	571.2491265785679
31.454148714353035	686.9078949969567
33.93832799922447	691.6993270529446
63.373503396822905	607.0609398689465
4.531004956277784	692.4450094098252
69.50104654591871	644.638247063287
23.236907763993344	691.6554701326511
726.8890408287193	916.4730939175315
690.3316670165642	863.4181263189631
663.6644759892944	994.4825211892173
603.4535039513443	958.2312431533879
723.5534660315396	936.822380087816
728.2143576265387	930.8898198761991
729.5644739932452	928.9452362098657
684.2479224336507	865.3980421174521
616.5042082754369	883.3243598286081
677.1396181015463	992.8254170791774
727.7059458786548	912.3818453028065
595.7292701226065	942.5019607029578
704.5522498103106	882.9908449231481
629.1995167620082	870.403144950569
713.7896798387851	885.6329660081851
666.1396206239353	986.943538137172
694.1241485760911	987.6165191387555
718.9070601714492	903.5004902868947
596.7501487902513	950.6864727186154
686.6444217644479	986.7476407362929
723.3553695153785	929.0598462568719
725.5463870426374	904.3394918697567
601.7894386483641	937.923179177062
692.6402681367466	988.2728154879369
630.8626399595896	982.8376386416592
619.5315866277085	975.0425398862265
658.270111096348	989.2418914594672
664.8310481230611	995.5112441910474
720.0922180190476	893.2010898783108
697.5691596816321	866.7912944306652
611.3029752187067	892.7179060943262
596.2072552682868	943.2153569042578
631.7026576011434	979.3844661462105
715.541719584728	888.4337312979155
723.4398920139633	939.5423019015758
724.2880848585753	938.7363367943725
593.6520554152589	930.5530825638104
613.3542040524817	884.5900341230574
651.5934289945214	866.6898553142032
705.9345004925688	874.7672212241401
717.1527163765179	968.7835979306541
724.962087943473	896.4715853550534
710.1822277623788	962.9651179421097
603.8728435308901	887.8163818699271
718.3617529112503	904.6489686629619
601.2420021428112	920.1138933680392
607.3089052522791	958.8053941609375
727.0334671303524	907.5829122606301
645.3815967291704	994.3081867105029
601.4145823031179	917.498229038303
668.5908606549883	405.51232556772555
549.5800437769125	425.0267386889899
643.7216592238374	380.8235050360581
616.5362753581531	380.26170721598663
610.3753292402349	376.13176099313137
561.7879915831384	482.78897626574127
569.0656863119756	497.13942814290357
616.9986870873939	373.1488886180531
550.9949025680269	467.8227732573278
603.7539311942455	507.78717467911395
661.3400644272331	410.3768912247121
640.9434974909673	385.4864130603707
542.0237051775473	456.9327082082191
625.67538540512	499.15475314328285
544.2600706311472	452.2084615080928
549.7961957907029	427.41121956673953
569.4221281514981	388.001040358288
623.8984789037893	373.10860360622667
582.2538712468989	380.19672754129107
548.5923617584056	451.6572044275156
678.6652060567624	439.3992525123791
541.0969402368186	443.6681243804326
669.81057870993	416.88277580677624
655.7235980525289	484.9780329829696
566.6541434832304	494.4631439418118
546.0082719404116	458.0910468334356
678.5977184071555	444.7579662490313
670.2025834418696	419.3157916203176
565.7074439013402	388.3678313737564
593.2447220141812	376.2833418292829
632.0773218294748	498.5675738368699
671.7974787596336	451.7546580510483
548.4969393975133	452.0325731767122
629.696933904419	379.69534303819665
666.6899055603872	471.05129126836107
546.5197078680255	444.6118327307741
669.5394652779672	439.6270880446491
556.2061470220503	480.3250909077253
667.3373640741265	409.8064195602654
555.409693166762	405.6924256378817
633.8088071299557	500.32429535072674
664.468301075147	468.4685022626478
669.5820768403551	444.12467073430287
672.2534036318527	431.2133184840983
579.6098040220783	496.97985410558465
607.0948921768495	375.3733032005162
669.473058210481	460.3902065153993
620.4098935105856	379.77844621291024
652.2942574278833	488.64701403124235
579.8108999832813	386.3450748599352
321.7072332283665	916.1584808046044
308.7280795093059	792.7350725225315
253.73434108076808	912.7444880918423
299.81634251445956	797.1722627414077
234.35509166758405	890.5181030130351
233.88487255151347	881.8474640286123
356.16403447956014	843.0344228137415
283.9189701569136	797.3224534178415
230.48767752786404	841.5304013426711
235.456270917038	899.8413220328806
232.0162586607062	839.6369033576806
239.45335106057607	813.7929663402404
343.13787374515016	816.7542260742664
314.482822689036	797.2398311060138
314.1855280257072	922.8276491338316
350.1561643829364	842.5137500809568
223.08434839393277	871.1919244153078
237.9466197101371	891.9428929561402
285.75076980191517	788.5048243694539
226.16201662089662	886.6795182926738
345.7463274839266	884.347685038419
241.4752468004755	818.2092852648486
223.37801752450247	877.8554831497952
254.14892680424217	800.8585841654219
222.5106947597074	850.9551100952871
286.94233423529215	925.7662318026969
242.3991179218492	816.90808879324
231.98737485994502	887.7013022862467
230.081436491548	848.7665276104171
220.21872189893355	862.863056606971
229.31147208711354	849.4869208834493
349.0601415569359	836.8544400423057
227.25857265204664	831.7662117017501
329.98973914634877	808.2114531117154
236.4339165396766	897.3250233344957
237.81346577069405	898.0738311475187
308.8705902566313	921.9344229856514
351.31628938158775	832.6371547669445
351.0738211750686	862.3250268107355
305.248813104526	792.5807766280367
297.68622265369413	789.43901749115
343.0410896665539	826.4261786759998
258.2494540076624	913.1090156442153
227.3614138173631	876.8888218424645
229.82602450931822	835.8204438215695
306.87434373753166	800.110687199001
261.2062851754133	797.6816874496463
244.8096966386164	908.677076288445
231.05365454217497	842.8367013835605
248.71506079419015	812.9467386746553
269.64490664844567	664.1300760871981
157.9794092216581	729.9108364712267
290.6048717876436	704.5493285350154
279.6092200884237	754.3540949649657
289.92342731010024	719.2021207014647
241.14798192244757	652.2067612159574
191.7009784899989	766.6606461601674
196.17275531405565	656.4741663516485
236.79236324281305	777.2603947724322
284.15614154793445	746.9878108681813
272.3573712480788	751.2670178997327
279.1195260001992	681.8798333039678
219.3790845261201	650.635850168349
262.34348346250823	662.9780229639183
165.22684950466905	755.0448915966992
246.72532109881695	653.0574680471283
235.61707332754722	653.3578449914205
242.70090471484508	658.3173780628194
275.1745973030248	677.8415352744953
210.2774317814562	782.9067999022363
290.69100656310144	710.5503569325303
173.50505233754788	671.4917500240387
187.67020173740377	772.5534709019843
220.69505742240636	648.2402653092078
178.28799493252401	763.4186862262682
214.06102984257103	648.741307946055
270.7335420526269	752.4255672085459
161.43328163270021	745.3825549875268
190.29741040658078	654.516236282001
274.7590325196028	745.7666068889858
285.20817552671895	736.2408390465398
262.21401898774343	657.4486664200055
165.4787846085699	736.9197681453062
205.31811973147674	647.7314240865384
283.60130746110343	702.0945004404466
288.9194240154477	731.9470524992771
179.21827358577212	660.7753019774472
279.43845578742753	738.1880875683337
240.0176120178229	781.0086763207529
268.27783409617456	675.8201602029177
180.57389033505788	670.1097569680841
158.5828014034094	742.1669250456647
190.74369138986512	777.1495474837718
276.49170994030646	677.0639149861976
208.00192399829655	655.2102543711222
268.8846175230618	763.9200915291207
286.0120577589211	702.0138597329817
278.53116694307613	754.2561737065798
219.73072249434634	645.7351860861893
287.97820256099436	709.9701833628146
139.169001272898	365.68247988643
116.98700092461722	377.9895481208413
188.4615309656784	480.74828230601764
224.9764831133384	455.9024940098928
231.41044980871385	432.9574887534649
165.57870865210054	355.3020892295259
104.89704966324942	433.4621579207377
108.20407156297107	387.14214271763683
164.38716850809067	351.928505298297
187.77704612625934	476.7331787315269
231.76001517757572	412.25972990567504
223.27672658507137	453.254010632997
100.21406999306093	429.9616797215059
216.4521602021604	379.652919146352
231.73756772430198	395.7876275343529
150.04421469212903	483.17841798617144
102.17434408726956	416.6406880872837
127.38036873933167	373.62832855828077
206.3500705484862	471.242572613802
101.28383976817956	432.77627156756216
116.8288961581836	378.21709317902054
166.3215512615449	353.2790789103681
217.6957074410646	464.9446715088693
101.10703072631233	418.0326475391718
226.2112441555395	389.551090773091
177.1084558462982	353.41874385301907
218.45095974531438	380.3733916075424
213.33638042609394	367.70320827430567
108.62671155773329	395.98408698999896
115.5266995591101	446.94971094864036
194.5763885511682	475.5046871479337
161.23378292799606	486.4238608162966
230.55394006829476	406.564551589116
139.14065488298476	361.4730123253104
151.25515337192442	484.08992477577164
221.01494718769322	383.7564881158837
139.47130312602195	361.69955047610904
230.5688662018325	406.2799430626154
156.51903263657962	481.2807461450851
146.9032300211759	358.39069549217237
122.79145744509789	468.5431593503082
124.07018471632958	468.2185254240212
226.33300737576545	388.541375962452
152.21124494072623	353.10453330143076
173.60466384904794	485.9736085744335
142.53139724501486	482.55550988392883
110.78345998229844	435.64199056418784
229.69615754494112	434.13632617474906
121.64797825999696	469.3992322247699
155.22047696096587	360.32004095022296
992.9996160213798	325.11589663952844
937.6356910230216	345.7565089356566
914.1915683316096	395.526722636796
915.1173039865838	403.45845896774944
959.2362981647303	451.3364523577312
961.6630729224959	452.9154326210235
948.204247925694	445.03228821249974
991.0605106144648	324.5748315304754
927.4347130225209	427.64446515589907
928.2771338084505	356.9335580042533
989.4455260285587	457.2223643183391
918.8201015116964	385.8832809029438
984.5434127760724	454.1384267151579
930.4136909621866	343.39854484472585
982.9621791867082	327.32093993829045
967.5889799735447	454.93113306728685
976.5501615738573	457.21109341493104
960.0067255924625	454.66331501081004
923.7680234058035	374.22478092623334
992.314081293247	450.17566295422716
948.0160797582356	338.2287631793545
983.751130770561	324.5809724273503
968.5380021161433	447.7551461710674
926.5342610860803	429.07393515153126
919.1595659753128	410.74807630230515
969.4567667160849	328.19093975412227
915.7708520343883	377.45261037390645
923.5467635078011	414.91524928170577
996.5978197081497	457.0740648065984
965.4542793075879	321.6417810384427
999.397653441432	323.8944265373387
960.6970643855028	326.51046228112847
957.1683207233878	323.89608361645105
994.3292296512025	323.4935977030745
930.1284217589028	344.3300340139692
916.2808281001179	372.5773292435931
988.61429482902	325.8211967959936
919.921092962299	358.22903670704096
927.5749941121126	419.8897978168897
927.5949415399137	424.3067889647243
962.5167162835695	331.3249598984818
957.5479839730274	332.7310541389584
999.4896111725506	326.706178210487
945.061545641581	334.7105758488478
914.3406079442451	391.3462457389826
932.8678841511188	437.61239439663933
959.730220243285	446.49375171096983
966.7267804438803	327.72278751402627
994.8469015507329	450.96632607186837
922.5642402814545	366.8826705713194
505.23210614682125	666.0700023032698
552.6423175841699	563.0249489945151
512.83939476261	663.8450279704126
561.5570869450495	576.8083155032646
566.7798730672993	593.1546946041898
507.33936276852035	669.2403524914497
445.5671432839841	632.5631622534853
472.00617527095454	551.7474915438099
474.3584751391462	549.3132172609501
458.12342694071083	550.4335494183332
517.9262774402548	541.3597744141837
437.1971792757528	590.181255740786
451.73118758359567	640.60622586415
555.3839774375066	571.3176505752367
565.6019184144363	631.6797892164436
478.67462706202343	663.7488984578965
434.7803570619308	619.6679646023229
537.0813330332386	661.3884945828702
438.26133406766456	595.0907786411002
497.50994463980703	666.9245616556725
442.25965054093354	597.2358421851521
471.0128313159257	662.0066695627096
555.1380679644652	566.2558188068206
562.8590652760502	601.3557673897834
563.8237998596009	584.628792061533
480.8111063309306	543.2636057813904
451.86143907236743	566.1304621303148
545.1380347910529	648.8733563037719
503.30174106472305	666.6562950828887
561.8593453041873	575.8992064297905
570.3948853422687	590.395608030542
480.1791930051179	660.5312320027933
505.28429495644286	544.2493357973082
552.1557213752499	561.2800910075327
553.2338538420468	637.6870491785372
479.9799272563895	660.3285993840163
495.9510784893244	664.1700322727123
566.9613338983468	580.1295109689046
442.05155192689426	607.4052815741534
448.46760451490064	577.0446230611093
523.8199121607872	666.9967700252132
517.36642280711	671.4071929703852
444.178990011579	635.5854701479028
502.42761290096826	667.2990666020706
444.0880756465622	584.1396085993952
441.18930986809124	633.981617668636
456.39727218421933	645.8648728924367
510.60217469016965	664.8371561004842
565.0309942910965	590.1006551967464
453.625173053724	648.6904250086667
447.3109880067089	586.7469500339957
452.7010333655887	520.8054121055527
464.28450115460976	559.0450919187208
331.77568675875136	527.3931417761768
456.68214624174374	571.2095078410872
460.3212810943026	554.1165313653673
398.6421397170146	482.2536724462122
466.09982010110775	547.1348217821504
446.08029659399284	507.80439551119616
394.20824853633206	481.97577959516866
338.04807555593885	526.1701290518207
413.2177945581308	479.63190440952076
432.13695095876136	491.071487209366
372.1695031912481	479.92842365962895
453.3971726693454	523.798098246005
331.87901206307225	561.4201725310776
355.2899235914333	595.3714970516231
351.91219241178527	587.5113298944804
344.8633911374072	507.83182110678536
443.80632843602916	581.0303811830661
339.0805277609117	516.7212938756159
402.2088637673533	476.58294537736026
335.4460778949032	570.4462878904593
340.8827076056193	584.4062661049674
436.8052200497589	594.777610548783
461.4540452941567	539.5664754453611
329.0157639729077	552.4583655883266
425.29730969198573	486.1905614080132
446.38715292328277	505.7161930134633
461.61282277559934	548.6379875523905
328.3324797949255	535.5943608133017
463.9501041719548	549.2387400797891
366.1373858240407	598.8518547815554
350.23107317859535	502.89719343201835
345.5842516994434	581.5026375643993
341.1574913083011	511.40226299204386
449.90725567992195	584.893081848559
456.4510266157975	576.3296882781248
454.71357462509445	558.4337974530052
342.1823222033626	498.53828141584245
357.126034685404	495.24849716505923
375.0451840376007	484.69966048299926
421.578226689908	598.8372147160608
403.1750737706673	473.19267170407966
392.4708643360746	605.842043785399
461.5106998539454	555.1231403033698
336.41680036286294	555.0526152784613
337.8525700976275	556.5782725127259
400.8311664463217	478.73434503445566
407.5857209604489	604.5750815367146
873.9148027820509	114.50870862317353
945.9404631117701	158.36537645442485
945.4658062334369	195.05181941046735
876.315192238672	248.506741907211
848.9655312067463	231.68516737784861
821.0901913328927	208.8633202020076
946.4472973805466	182.87022653495143
850.9396356963917	238.98965736860578
946.4705615365862	177.3008902384343
926.0371462280191	229.29456070580534
833.2454864909411	223.5357912660594
883.6494403837904	250.18697221497544
842.4021581508061	229.33076768390316
908.3824587624243	118.68394518337799
818.4673166844335	184.12128906816307
949.7675263293795	174.23540772208491
821.504264909135	206.07237429689295
949.2084552335588	170.58992540367547
945.6661496441811	170.81300095183784
814.4052062762999	179.81372325069168
942.3807018052969	153.47229160606335
864.8698893718582	122.08132689806462
915.6161711502687	237.13192706844853
883.1876706471949	118.22681638505217
819.6392232876634	168.73147406909305
826.143212886816	160.45842600433258
816.649935258524	179.13739356058932
895.3243594552499	246.01092539925983
899.0876978239507	115.80949651863037
874.6276634466913	122.07137503296006
862.7769882721359	119.29758982154138
818.2782630052599	178.3192906826323
868.425022705803	248.73148956223102
942.1638294308688	193.39904001021623
819.8732499535118	173.36960492860632
839.0814465317665	234.85963592564596
950.6059329066319	197.67546625022558
849.4956130069394	232.76054569023984
870.5977339583434	247.89357929718835
827.7794070448482	152.01072511240343
829.7511249218225	217.16863726787815
911.8466710821785	236.9348140977331
843.2327670112616	227.5013066127063
866.2685288900972	243.1638622210902
821.2224974238801	182.0049890673846
945.92287978769	179.90314545220565
927.2153625083753	235.07100748030484
849.4276687722845	122.5384413320666
830.8411208809059	140.21825478835405
896.3380733596335	247.55574635423903
674.1757685991228	721.9805933305888
603.9757892143584	665.5465764023347
572.8225196958065	785.6367708982838
552.7713554007642	696.376576538553
628.5358322133108	673.4598700609029
555.0550102304431	770.5494849120619
540.0470312687429	731.0241287505247
657.2978337130179	784.0472900245832
662.2916302529054	776.9531081503181
665.3252077920278	696.8685220921523
670.3476289825893	709.9490542482461
620.3402874824717	803.064026412613
652.1596151955226	780.5734031603821
651.0519804782572	685.1900188510142
633.4549612312078	671.8462407516597
550.7991054535606	701.5032663759463
645.7221483794207	686.9857994332677
562.2152342642415	783.7947923264471
541.3711417254459	746.9807318560081
616.3563861056422	671.1170682283812
613.0723030915192	798.0821630829317
576.6913587356656	676.9412869219959
666.5874611529135	714.8865717888475
665.8361955908259	702.740840324514
548.4112437542466	769.9221480018274
670.9664566802618	711.3545879186921
572.2915346114265	782.8634481258981
545.0511922031154	717.4074518193028
550.4340303771291	761.0707190642214
644.1450988028838	785.0958014359429
590.7874685885221	677.5593764091503
625.2723813563565	669.8945266681054
567.7841473980692	783.3691472559875
580.5039832400956	795.1877925994271
672.6124786491091	741.3267111949201
650.2189568348637	682.0769070099897
560.7051398676716	781.5319799445787
634.988684869213	678.7058039689857
544.0454347187724	754.283070590707
546.0734776634037	724.3304911539115
673.971245212249	753.312861467228
669.597389748175	748.0261060999969
605.8999625583452	800.4255676370775
548.0620926199895	711.3970151694682
635.6747769776279	671.7799182861952
594.1265816677521	796.9732491831539
614.5220214800472	673.932476441117
623.1061406934017	675.0727666888267
607.5034331212266	672.4848098318141
584.1150791712317	796.3376945745923
848.3865896223859	676.0664972550712
971.8354510231737	718.9094663055873
953.9240173372991	761.5929284904709
907.9974449133974	656.2120996678044
865.9319971241567	769.6649640415126
919.7239050429116	774.6442739306498
848.0767358687057	675.7818791120095
869.6142613132223	659.65437732927
964.4207964890151	698.0467519136516
842.297909282088	712.9608104166301
871.5229520770675	767.2290303461098
914.1962939348656	647.280873760251
903.6200596075307	646.4241037669294
889.2384375631977	653.6956488286769
866.7861927427854	772.0596792949572
884.9392344178681	658.0913773434694
970.781025619294	717.698672036647
851.986245009619	684.1831319184153
864.2025049054239	665.3681969203147
842.0781650920455	695.8233896597781
843.1260104181551	724.7838305765607
835.9770636080053	724.2627283440482
839.4467878612146	724.0374959675452
905.0062027788316	784.2261487099726
867.0442698117661	766.3822199916629
906.6017681496925	654.4016338555808
932.0719795903489	772.5101909216393
946.7917019926822	670.6355801903998
851.3255594261256	749.7480883891699
863.1211329976272	670.875161452603
889.5819097732133	774.9205614996752
918.9363575679822	775.7053567625353
899.3929093697627	781.0049180482191
843.7823300307128	698.9395701799524
941.4660286330562	769.9048772410067
881.8753079375648	782.2194464105833
865.2836609884886	763.1235486407642
973.197277340617	718.1490927772397
950.5136694285029	664.7960588680724
861.1700167027738	758.6737270757388
969.2597464037623	708.2177678054601
875.9019775922166	770.2037819553932
970.3268635701861	726.3155734355122
912.8643935706217	776.1884177621034
838.1744486481626	706.0952082227872
898.0624855925266	778.3557986741353
965.8748901950354	746.1076103752991
883.0210295824907	774.5681608265451
902.9184208745455	777.5076513622131
926.9174155696649	774.4365313135753
796.4552707981647	264.58425596959233
843.1667344180911	261.1801900171974
764.6556762286506	344.10667060215263
761.0848007047574	325.16100455805605
874.9900787515268	371.300643507119
873.6906654340427	369.257101252222
886.2542352078817	324.85018909792296
763.7610866219312	327.1046326859648
846.2201020646633	259.3505567617923
866.357050615224	372.9115192377961
868.8439080103881	270.29636857263097
782.0554798942012	375.5723111347895
764.4461161266772	339.62456586326215
761.3965125048368	348.67737288817625
884.1152623209064	312.69800620634203
824.3559342194675	255.05017160737276
878.8556643719332	363.556341403376
778.5532003175315	273.7685203092298
773.2568506992022	284.1976463667585
835.1549140467994	262.3657401047058
866.9597892869087	377.1814353835645
806.9270952441127	389.2287666233929
788.58765208339	375.9093193309457
757.859250358513	333.2490341495765
811.2995035640345	385.9157764922082
885.7625218897521	303.0159491721065
882.7189791993183	293.4870014345882
788.0553515677889	379.24822871798136
770.3005397741581	289.2201013285488
807.8268942546189	383.55916261054455
760.2402457334495	327.66656701587084
793.3485000751804	262.11079974322524
799.1155243527022	385.2117508704155
828.8622768824533	260.88433697713276
755.6441091148411	323.7922283169713
791.5192895776154	383.11013720386046
763.139288461075	310.66899863787233
855.4387178044014	272.8461532317079
884.6544205446951	301.16229295586004
761.9026294065516	338.57089296853303
810.7323697757545	391.64998130161854
766.8025638802435	296.3293873247962
765.2684920525568	303.5138602551799
812.1924150380662	386.3078306743959
768.8858506976907	352.11651341364745
761.358993251692	353.82399692516174
757.6810623312391	324.75952613836455
858.9963095744318	268.66876349199
878.6850826495736	359.795319815739
878.63639972154	366.285813030238
148.5513505552486	184.1507518701656
167.4492623447327	56.62411291606651
188.09649687510066	163.483833703454
80.16164530107062	91.30715592008598
74.05567888461317	103.3175374844032
169.91291079212112	59.443440630136955
102.72262482007622	61.53842581503311
173.8718391830353	61.54987784211119
154.44024468581762	181.20267616051456
159.83125833720823	177.485687516996
204.27251297424687	128.477028657183
113.72921600845642	180.31078156120495
109.30299217768923	60.28711290449451
166.5337567768699	179.32264550400478
175.07590879176604	60.438371675518354
168.9369294959616	175.11436299397775
137.46300531923083	51.15974661868139
150.92631657372334	54.465863184223196
163.93428876026817	179.42179188168018
162.1073091724221	176.59350000855488
96.30816467525815	165.1812846847165
113.16236934806712	61.99400816789647
79.6113649412502	102.66329684634646
95.04944710483754	165.29414732383972
81.81528745453792	146.43568921325044
206.30577106349523	119.95242763293345
164.25540604004496	174.7668463053894
175.3249378583658	66.90251454376617
119.9588298519586	185.17707708969166
186.98144522510074	166.04292529559316
188.53372258619672	150.8691209680404
204.80090726229494	119.31411749921539
163.37565972634616	175.13069880285337
72.45058861864729	137.9405797117207
81.04649305866774	96.2005430932511
131.91975441943904	52.31447871746331
161.5029219653722	58.203275304475
160.88318981106175	176.1017757449963
75.61050813118642	105.0634009548762
201.68358724285306	90.94424842101823
201.52550306835693	110.12950336221006
202.23148607135087	144.33620417241377
202.3415372672288	134.85039816481515
197.97854517498826	137.32352521120228
155.7352762395936	57.64531300914499
113.73582188713239	62.62667289490709
198.43230680847546	90.5397551505498
179.66435477067745	165.84478105147116
73.64855338406373	134.4522440272028
82.35630283698747	148.84789127518982
183.36291129067263	841.6319799002202
167.6103566779653	781.6471367457675
68.80622898818834	794.2071304692414
103.53082694209348	885.7422262170774
182.1204037123879	844.6815519467822
118.86389320822488	759.0643091052385
74.85621597117465	869.8259226001221
137.0706377140707	892.6669247222503
137.37218735015688	886.74314605517
167.51294914108416	873.4373469777971
113.4171973859942	891.3911644713612
140.46039009739064	889.9035655249736
64.4575610568503	811.9373663228656
137.67793212894287	765.0372350047237
60.157674258045304	827.2312203362189
68.62369966364123	848.0598696168239
60.431723424513414	845.9965874278269
183.42379670892427	804.8747418126328
170.77535472739092	877.7986112297258
175.75802650593	867.334987573782
64.96610762363453	792.0649831239027
71.56142163785672	869.4876713482433
75.46185782676773	860.283530098201
158.47394865485165	877.9773227622435
77.53784297211197	777.1211005041987
106.18297382505249	764.6149240414154
100.27533787951903	881.3080600155513
130.3239916952855	758.4887034941474
182.061338565747	859.2943284710647
69.3260190443783	789.2411243574708
135.29744662712716	765.6950665462972
66.1298457871442	846.542347611778
192.77378105619724	815.4515824450835
55.55380511919661	815.7295184490706
185.55858063891407	856.8889870509594
67.20815572298189	804.1609313689303
85.54176344684117	773.0020044251856
60.20163495678621	852.2966604173188
64.51299242772069	819.2566848530877
70.64579612724764	790.8121084246256
77.67302982704926	776.199053091282
142.61648552420246	885.7033427999128
61.31655275964032	810.0384801723177
75.91163624587594	776.5936564753554
69.69564573980868	788.7797327693522
105.81739034698568	887.2766915564721
125.23143042725383	892.3750882930487
143.64440597648743	762.8696833051172
187.0475889137332	812.2930918550129
90.55680667419253	769.0118140860128
63.82365077195895	382.2665124679887
63.40221551441194	388.09241680285857
38.963715706352595	474.98216577615824
68.58178439516504	410.4678975118734
1.078036773214941	360.5803660393604
57.48008656108028	466.3360722591802
7.868260126529414	488.67517647916657
45.74319926049175	368.05643795154407
70.54664330074122	429.5893649863183
46.72657185633322	473.2171942093488
39.79357959523	474.8266901294251
74.52781329555069	423.08187136028374
69.61422612370127	430.0822037312462
32.362797562697665	367.01991820322644
43.77688913439282	479.52856377516895
67.35343634628089	405.1383197467181
21.337560108284247	354.71991161948745
75.41219630531958	431.08331289626676
22.00833673196234	489.90918508943713
39.395094539645626	370.89959898878345
51.60253386089553	466.1217163618957
25.569825218489385	360.97073969890016
36.59090817513988	362.8018335322004
56.64336485836785	472.3635813780458
66.83824087148949	452.5834174538269
69.92108514163876	452.0421017164792
19.582018540456158	353.7538576428406
51.22931574715472	378.1441343843082
9.112787329904283	489.8064689324616
64.73015953527306	390.39601043720063
65.38040934942302	395.1854554620866
18.7459711463166	356.55044074428423
53.480965941501864	372.20425549939574
10.948462673864734	360.19614053785955
56.92902755133466	374.8593015545619
67.33425330902132	392.298347059832
46.23037559977361	471.8947492966118
70.12528255824257	407.6847925895348
74.6268040103646	433.7950101177871
76.08970650013359	411.95700332162323
51.40378718608718	371.25254415187413
23.485699768569845	360.5757247103926
21.843287716494466	485.117373678832
45.87244805930557	368.6854787430578
70.32551594289949	445.94932771912755
72.79805366289827	395.8107725240233
26.6469697016557	363.48515032608185
15.004181396360616	361.9765817200182
41.22542678663421	476.17769721329216
3.1150235462777953	491.6880267956457
60.553772655576935	316.8613107170195
99.99066942844537	363.9279086727596
54.7783434590311	440.57633205509205
99.59384507725777	371.13068823409503
88.28200953615806	334.98241065112
105.68598361835512	398.7807312169438
13.490568248780587	318.00290722581803
103.00452323071241	350.59878297772605
99.50252857811215	407.60833414768115
0.9455711565576896	325.8259812257116
97.65153531195902	404.5277551742041
85.27067263855004	338.4102275229597
29.665992416825215	445.899736024877
45.56685701788887	447.2750057950832
55.508170600047094	441.11210520513697
3.344701824322782	322.10545600911
24.60517330779044	439.6262509008002
104.3753095304476	360.97267799610387
94.38119092203267	408.99197124963905
103.90668058863051	400.2871957731433
20.285227307216935	323.41828270925885
2.5190608154853633	332.43055193386317
34.418167463653894	313.22966385183327
78.02542047856586	324.7615465413585
105.71793519761219	396.956857052618
106.66854055577235	392.18247208347725
69.03378561451822	322.5025325001294
23.5065490738956	439.3472945010054
106.6446157871661	372.328920189416
100.07949048020693	386.6081077619123
8.874345804581463	325.0501721735236
61.101317655989476	439.96500641327685
88.00554104207237	424.58746869779884
57.906620646181906	446.3202715859439
95.51582492362876	411.5818190853485
88.92143759584181	423.1890806863047
40.2182916258409	447.57293999759327
72.23595730006105	441.1130292132592
32.84182475266961	443.2119259592435
84.99471649059143	336.6585148921116
97.85910752400385	348.5392155334067
103.64539074744805	397.86085091215773
106.24336329368079	373.57513908052044
95.06515525751169	422.86358492069485
5.1718258352618784	319.71216492003686
8.582712154705408	322.79163996307705
92.23904266391037	349.8913758273998
88.16670179220765	425.92491375390074
98.76683639675853	359.3569711774089
73.24930428016718	434.04678283886955
618.1351668775675	562.2567109647817
626.155738185503	588.3953122678438
579.7348644762998	544.2733367177232
537.9661900447023	668.9132336960952
509.1017292227793	644.3574440630179
556.7137495268519	672.1948606697089
571.7316237533679	539.5917374441982
612.911625098471	662.742183837444
506.48831493505077	598.3820784101048
560.8085714345523	543.238701854344
630.1491673385319	597.8910429496791
627.2655025632574	631.1611720256969
502.8327686972459	589.0140616842332
630.43118963872	608.9662029015201
521.1064092478442	563.2777842240357
622.8005588703214	564.9060875202639
628.3854039250651	572.4117825326405
627.9591580049737	633.0118887608915
618.5783971667356	650.9725938395577
541.7649943161277	665.4174646407546
623.999397384769	636.019085591047
506.58736812984864	637.492868770607
514.9456353100114	646.7196430576066
523.8065774841465	556.1744926407032
625.0457355510085	645.1065092591498
511.49750027620536	586.2881680688726
605.1012921910799	664.9578892413136
502.29896532221727	617.2903106933043
507.56962675671645	639.8403536230492
628.6307199759932	632.3228050029053
527.5229605534063	665.0640751288747
596.3541788350236	664.5831903525972
536.1861911049161	668.4797901449645
512.2755071446531	632.2532089581163
506.1068025526902	582.360176559926
516.7413836621294	651.1758603616789
506.4563672268607	623.2808150093454
501.7197651113765	602.7211533653473
615.4560929260396	648.9720062055412
631.3349919038936	606.3430541785297
604.6623222550244	665.8439187303676
605.6446028939516	659.4629730692618
611.6833879985317	554.1267852440678
500.64286067047294	604.0754180769927
521.4928477315664	659.0463665038505
620.3217548586501	655.6886511394496
556.3805934075664	673.1092193194215
553.2995184722932	541.2116159951058
623.2741571655506	635.623943693479
518.177651377678	562.3882469361777
700.7678306637567	530.2033667818187
595.9243201316418	592.7290300895883
694.844833273768	522.4141212291763
569.5792312271005	558.9568719008953
604.5431125588434	484.59427541877943
676.886159551458	595.3647827417618
621.5699577673653	603.5100388896093
639.5285440225489	604.4193054654064
684.8885902837523	593.0357020585558
591.9325750634722	583.9495167784114
685.5684164769905	583.8287469750242
670.4351061400122	487.9714062424205
655.2541532409514	601.1291222295226
656.2580619456091	481.18501084559995
587.053481067908	580.0300259941796
586.0912157960307	575.7600014005437
628.0464344966281	478.5316636105524
649.3258357625642	609.5271427966952
592.3638311954431	503.640457151906
577.0102230016582	531.0194247343878
666.8763802186912	601.0740837170165
692.5873078364169	511.52727910167937
573.0999987600749	562.5864825834298
655.6506177138523	481.1288215866926
606.643176638953	484.3128677698424
667.205189437662	601.7008755218469
572.2997240289557	530.3765341500044
603.9088921685271	595.5633311611164
584.3789255820686	573.4858369922166
577.1831530231086	536.6652899206849
616.0374301426939	602.6916471437946
581.7878897329074	510.78782617046227
695.8453618967403	562.2056307982032
642.0537108006716	475.0607668076158
576.1868924705753	562.4162508624388
585.0643885075731	573.6272299242805
695.4071564905142	514.6873162814672
587.1993802245055	510.156044985577
584.0465813793087	587.7669806747739
706.9341978537351	538.138733218379
568.4491535957753	543.4537944402657
664.8274485943963	607.0831692407103
603.3780231982026	593.3232518314782
656.352273498915	600.6411471611021
678.5071206605887	487.53769624600073
690.3214443880873	508.8195194717304
595.6099172088338	593.2868074445762
610.0436775461628	603.65952693504
577.116408976634	519.3984693972009
575.4703286647206	546.2652620836122
736.6325424116865	563.4733728993647
754.6532914224674	556.0302716373926
813.3749232410476	570.1173448634515
743.893061124091	554.7421160734756
838.3716421036731	597.5651595885071
839.5957247546336	611.9930812518775
780.1656969590435	685.1656358850069
827.4256686880233	584.1471170212681
838.1301026412451	620.0931574119228
774.0112931675486	548.9245563189078
711.1135589878087	637.2021351279
724.1144622022875	583.3684291685685
716.2817958931793	590.9263866296163
746.8451777531421	674.7219115507938
740.4749902461416	564.019890919188
824.2070582801415	662.8848402482695
838.8717244964738	630.6762571685301
788.287486528658	679.9965099932924
802.7259122627742	675.0841415497406
733.2706928639425	562.6782083596713
815.9601194203148	565.8285475958603
840.9415234487178	602.2927928076116
707.1757266312361	629.4501164188486
726.628684595	574.1348577140037
834.9626210388186	594.464992081641
720.4323877948922	654.0171980082538
735.4653297893866	560.2928779880963
734.1064877630139	662.841745146969
788.0555431379313	680.6449978291948
829.8958663679981	647.1498337723995
715.412339625385	601.6870627985363
709.6266418660416	624.4412548318572
707.6924193431581	604.4926398449495
714.2374556034189	584.8920230906695
826.2600473154796	661.3198612404241
842.8717935305614	608.8417361654095
822.6564443317443	567.1530822631858
713.003113314516	633.1175887956426
758.9231083338575	556.5719918999131
707.9735105903139	632.4926665284904
816.5465806556773	564.2561568220995
755.4329224624896	680.7818906786212
762.8072110342999	551.9885531752594
709.3810688943697	624.0437359305059
721.6820059200203	656.4249159232658
783.1092669302875	678.3098593896198
831.0484005035536	584.7099662477492
818.3734816533776	663.873730524069
708.4213016743702	625.2966057709552
760.0875123217581	677.4173882825331
779.9358542833947	148.03040395336552
882.6706249294336	195.57472926646003
815.1311522715777	90.14274298731095
882.0286311427536	89.52686665625987
783.70439819947	127.00617946413873
899.6745359425211	103.04587978926737
781.4757349705633	143.88155184263928
790.9123705904201	178.94926990027648
861.7193947033662	202.71813262589723
801.6302851537769	92.12511586939497
900.9746152469055	110.55990667466776
911.6278463941362	154.30536880504332
883.9516268164138	84.82818520653879
859.0845507110367	74.78025435236069
849.0252116368673	212.97447750004662
816.8624895253245	204.77107611142065
883.6382200654373	94.73198700153884
848.3942002522338	78.98933909927509
811.5565698065805	91.12766207427525
805.5720536466957	195.80932143057905
873.1534501027261	207.72801792000672
890.264767332574	94.29813024472477
863.421559622289	76.29387413825917
900.1028667816579	178.66681812325734
858.0108341588375	77.00167786156142
911.426413013537	143.27334606904373
806.5350789036512	196.22158041491312
904.3962745876997	180.90789125889194
910.3161984019351	171.2711860650161
862.136294722201	201.85503714415574
888.2717238222633	190.61768755774523
906.8492659289725	148.40804654892048
894.3604829386385	98.83282062588039
849.2391367796752	79.20464919516579
893.0056381841827	193.09744421201802
815.2086319675668	83.696788969707
840.0442934325977	81.01888711159543
803.6579264436414	96.6279574881037
898.1452902559449	180.6598041905567
906.3007279666451	152.40714641304376
808.973162149805	198.32545470698415
811.4035846957229	86.00091162241597
864.9369513033544	81.62523944262334
787.2173944746318	120.65507195811843
817.6709388861361	197.13525402631927
802.1122288494832	101.52260496918197
785.8919493020063	141.44771340170524
783.9480235721301	171.6134609667054
823.3193525043116	206.61887955300918
838.5307648921815	212.44324362351762
93.81203472150379	90.42845592084426
75.27457903648039	75.98373143665049
190.78107060079597	42.07699505441354
71.2331948641336	47.298024283240366
198.23229687282463	31.68187695166602
119.15711382822514	98.3437490400072
141.87091646424577	96.00809212191774
91.90563673065665	81.85034112109312
70.12684814210346	62.40424822695023
145.69465657325242	89.98760248907445
100.26042099359644	89.66419446694141
165.3352050318797	90.32329394472771
184.47266634245952	5.4677528118098895
79.86742503175026	75.93913550013009
109.67450051069294	91.76593503529095
67.37579233577662	60.16817712456734
59.92981430321809	33.55855638181826
82.32621770945636	75.24549800089963
189.3621980951864	13.720233030439232
109.1533891181774	94.06035676284397
129.18843287964188	94.01228493523573
82.62317762908955	79.89447110738845
69.1341873090745	59.71791174188268
97.06697743419457	91.27538282665526
159.737479593976	93.9005396613104
192.71765549602904	35.53244456559901
86.52270343365731	79.72895380978218
83.94581898748166	81.28445494913173
71.1316902504594	64.78706114664179
188.53727411564037	0.9669207994242868
197.02799173479912	15.558101748613606
75.78021270910973	0.09151819520236693
194.1242066237202	39.529592223301655
103.3791942918445	95.28914583158421
185.06304111313497	60.38371968847933
97.05233784191725	83.9004897324941
190.35268458534148	25.955303819192977
109.18175667312624	91.87977158697281
97.62936022756874	88.72057676867551
82.52798556060448	82.79456354141213
66.62065023269592	59.874516150403956
63.94934573345701	17.340425975624573
71.89922120460857	6.445708957472318
67.64760041449381	61.471717240641375
192.32519385393175	43.62406837430643
65.39678638552925	28.26274783236482
67.26300466203838	40.75837013302064
63.98208675629646	30.9402299523035
185.7508006735048	67.64203262125035
108.14192610608441	93.48254737497352
263.7532129937045	760.9045644935921
375.652186772682	716.5844184134971
288.34848288174675	707.1807837288617
274.6558065995688	717.1806598603164
327.79895808744817	690.1827707043248
391.4917627181509	728.9979318692376
389.22625810989786	785.7307206258113
318.00523182498387	821.2833407635837
362.8007784098365	814.699985216216
265.9052963803248	770.989705511122
288.86587393482364	809.7414752514217
273.2934023594381	790.437542817921
326.9156406088254	691.7216845484936
327.983601388667	692.717470742203
289.07677254031915	804.1855708653509
304.25210702931685	816.8277154412276
291.3331087778884	705.4157897260061
333.3446337107585	816.5755925027999
391.0243101906676	763.6673667551761
312.3173081252525	823.8398260225005
337.32215868609717	823.3435684168803
386.4903102814048	774.5378400162621
272.3724725045229	785.2532949280527
340.6159607569801	820.8085120456794
268.8093558663498	734.5530233437124
271.6453283032484	793.5561159594981
261.4732931263578	775.7715111814049
383.290717474425	733.4184140923941
308.68805197258087	697.9350679550394
270.397939062634	780.692066532633
277.85282242330646	716.4983476102002
283.05297010920617	802.8867779637809
344.87819169462944	821.1419436203826
320.879257212998	687.8249104742075
378.48357551490784	798.6953524000241
262.6907483546711	775.1641289863794
391.1055652319394	733.4395655523932
392.0800264538049	759.877099072913
336.025240467848	690.7963828012704
331.7947851674793	690.0214073511219
273.05104465898665	788.8502379961263
333.92719000297086	818.0168905682701
289.22306905742056	802.9342656315324
275.74664777151656	800.3813633998599
345.2606558134227	693.7139529623271
314.19846148260785	697.4443288831304
382.4432617314546	717.9357396752206
307.36031593795843	820.1194053466436
385.3616743085688	788.6124296223051
324.74797053826734	692.7389449336166
800.5666051851131	840.669561346915
688.3250867349998	881.6737636862083
695.3852947132478	892.4787141053116
791.9688398336039	875.8614960611505
672.3874606937577	859.9120806591516
751.2853223306759	785.1671937359971
747.8211571468948	778.4200565374659
713.8135083628682	780.5223288708892
806.8284300130522	842.1974908511264
780.0732306673575	888.0669338787461
754.6540290431741	778.2449107755369
683.6770938035277	815.0325981130056
788.2106357946144	880.0417201071892
721.7059754167882	909.9006017549573
703.804627360471	787.9887870280098
803.3191683971612	849.5689188450052
670.5270336679229	846.3968592857647
670.4666161199345	844.912562413482
770.0505820210622	788.5434025844189
796.0681087226033	880.6476166802456
789.7718729883157	884.1105754116821
740.9274397358305	783.2829891517405
675.7777530269843	823.0143432264282
767.4644902797043	903.3742624887059
701.0586126261337	789.3121924398087
713.5689042211228	779.5715108393653
719.9713098757201	785.8380057721711
775.4105735095978	794.9924673810576
683.0657215579924	802.7301666840569
693.9567289801633	896.8220193609118
801.1743734273707	844.4655951763916
698.7693531231732	787.3481190229375
773.9918187807684	900.9656439001625
722.6039606439681	785.1282382693713
749.5715812048498	775.3827455590493
672.1086487698491	867.8450172504506
732.5603431586771	904.9375008448657
687.4166035742006	883.1137956875424
798.8848149382281	840.447993949555
795.7707442787835	876.5842122542389
747.6900730245196	906.0780589498015
803.6373820646023	831.6957586554221
667.9962178082291	836.6155789338284
796.8385194658606	835.0120541676683
717.2838146418385	780.6015387984947
670.5600644937301	858.8408604452292
783.1875665654853	889.3414451629237
789.9078025101788	811.2136491405939
673.5005859141638	846.9623372333232
794.5370404168921	880.771653579557
